Number1,Number2,Substruction
-713,-3,-710
-925,199,-1124
-970,-553,-417
-515,164,-679
-541,601,-1142
-440,-497,57
392,-832,1224
-641,-855,214
-968,-84,-884
888,320,568
895,806,89
88,-970,1058
96,-695,791
-326,-448,122
921,528,393
-384,672,-1056
618,140,478
53,-680,733
823,-767,1590
-560,730,-1290
-870,725,-1595
809,583,226
927,90,837
-337,-440,103
-966,162,-1128
970,-932,1902
496,331,165
871,-665,1536
671,-806,1477
13,-253,266
-890,-439,-451
-230,-925,695
687,-116,803
235,-925,1160
738,770,-32
-858,61,-919
-821,225,-1046
-133,21,-154
47,173,-126
-715,-627,-88
304,731,-427
584,-538,1122
764,851,-87
773,747,26
260,-50,310
-604,-748,144
837,225,612
-237,-485,248
-155,963,-1118
-233,763,-996
270,934,-664
-976,-387,-589
827,-929,1756
-441,338,-779
-875,310,-1185
876,502,374
-506,276,-782
941,-747,1688
-929,-942,13
174,-522,696
-842,-835,-7
-10,765,-775
876,602,274
-939,-882,-57
-405,-663,258
934,-663,1597
145,-656,801
-815,-273,-542
-475,655,-1130
370,-463,833
-999,-494,-505
180,-624,804
-812,-565,-247
-2,-823,821
560,275,285
-11,767,-778
269,510,-241
422,910,-488
636,964,-328
-675,211,-886
-520,-905,385
338,826,-488
573,-710,1283
-729,582,-1311
-498,613,-1111
518,-828,1346
-564,-532,-32
311,681,-370
-595,-931,336
350,-790,1140
733,596,137
906,417,489
118,-311,429
-118,-726,608
-361,67,-428
-190,-281,91
731,312,419
497,-438,935
571,266,305
700,-789,1489
634,921,-287
-34,203,-237
-914,-477,-437
386,-821,1207
566,-699,1265
876,-217,1093
445,144,301
-127,-207,80
-593,-358,-235
-993,256,-1249
685,-375,1060
855,508,347
167,-249,416
953,1000,-47
-403,-39,-364
-286,27,-313
927,799,128
-166,28,-194
348,-690,1038
-564,-886,322
-569,-801,232
-532,868,-1400
-588,984,-1572
949,717,232
91,89,2
179,-216,395
-891,897,-1788
-25,-168,143
807,544,263
-828,-764,-64
841,-166,1007
964,-88,1052
-7,42,-49
708,29,679
-847,92,-939
201,337,-136
-754,-189,-565
-463,181,-644
-182,-575,393
751,-2,753
130,750,-620
699,501,198
710,715,-5
-673,374,-1047
734,-112,846
-968,154,-1122
446,-975,1421
-79,-343,264
-192,121,-313
875,-76,951
667,395,272
799,334,465
-962,87,-1049
741,-441,1182
-618,756,-1374
628,425,203
103,-302,405
-141,-611,470
-415,821,-1236
193,-439,632
-214,355,-569
940,-175,1115
524,-236,760
-939,-147,-792
545,-685,1230
-658,-647,-11
320,-188,508
-171,-78,-93
438,-325,763
554,115,439
749,-380,1129
959,283,676
-565,995,-1560
-815,444,-1259
196,686,-490
698,-549,1247
542,-49,591
-933,467,-1400
-737,-10,-727
326,-932,1258
-921,-496,-425
-367,-562,195
627,953,-326
-573,-328,-245
951,375,576
-524,800,-1324
-325,-733,408
840,-161,1001
-948,637,-1585
720,-928,1648
-232,-653,421
782,-109,891
218,468,-250
-237,-786,549
885,201,684
-623,890,-1513
-342,944,-1286
91,-152,243
-529,-212,-317
277,65,212
293,-664,957
-506,539,-1045
88,-814,902
51,444,-393
-444,-922,478
112,-522,634
246,136,110
-466,337,-803
-915,-677,-238
539,-972,1511
844,-343,1187
489,389,100
300,499,-199
-811,-179,-632
-717,60,-777
659,-203,862
-267,-81,-186
-612,551,-1163
218,-227,445
-239,453,-692
-878,-840,-38
-590,840,-1430
506,-256,762
952,148,804
-664,253,-917
293,803,-510
354,650,-296
107,-234,341
712,62,650
60,-2,62
31,349,-318
899,-464,1363
-656,-860,204
-757,-790,33
-910,206,-1116
966,525,441
468,-837,1305
799,210,589
524,-662,1186
-140,891,-1031
872,-497,1369
768,-10,778
-930,212,-1142
853,-959,1812
503,-731,1234
751,-335,1086
-485,470,-955
345,-89,434
179,-53,232
-127,-414,287
-331,450,-781
199,-931,1130
917,-325,1242
331,999,-668
523,171,352
557,352,205
-712,433,-1145
795,-763,1558
-395,372,-767
262,667,-405
907,-470,1377
-558,-565,7
-468,-89,-379
-316,-445,129
186,-383,569
-452,456,-908
-216,-13,-203
-934,-229,-705
-789,-661,-128
600,-116,716
-569,630,-1199
680,-766,1446
-28,-415,387
-456,-40,-416
-777,-652,-125
880,430,450
-135,547,-682
639,141,498
764,-73,837
541,662,-121
842,-84,926
-560,884,-1444
748,137,611
-261,693,-954
-736,389,-1125
-79,-580,501
-626,-273,-353
-186,-11,-175
-359,43,-402
-987,38,-1025
629,607,22
-763,-85,-678
135,-557,692
92,265,-173
125,486,-361
-185,-121,-64
893,467,426
-583,-302,-281
518,-154,672
271,755,-484
-948,-581,-367
-520,74,-594
-208,-495,287
113,-703,816
-183,-76,-107
609,-605,1214
-437,610,-1047
-988,961,-1949
-130,-553,423
-734,-404,-330
-198,42,-240
-189,856,-1045
717,934,-217
938,539,399
342,501,-159
815,586,229
872,67,805
-991,-152,-839
318,-964,1282
981,86,895
-537,-872,335
649,-272,921
-522,-356,-166
694,600,94
777,-661,1438
-358,648,-1006
831,-285,1116
880,56,824
838,569,269
721,-561,1282
-417,-30,-387
-448,64,-512
-169,-429,260
-797,-574,-223
486,-760,1246
-782,229,-1011
-754,-201,-553
-777,-309,-468
105,-482,587
879,-257,1136
-447,-307,-140
674,972,-298
-434,-916,482
914,-943,1857
-340,682,-1022
428,-583,1011
689,-912,1601
-885,646,-1531
665,676,-11
462,-607,1069
-453,-917,464
-542,-532,-10
-364,-947,583
407,902,-495
236,-974,1210
996,646,350
-994,584,-1578
144,759,-615
878,767,111
783,-206,989
245,598,-353
352,-126,478
-172,401,-573
-133,689,-822
170,607,-437
-708,740,-1448
-391,-682,291
-1000,-723,-277
-765,278,-1043
529,129,400
-877,-875,-2
-433,-902,469
-203,-829,626
84,-710,794
-975,-845,-130
-813,-13,-800
-824,850,-1674
-256,386,-642
-327,-246,-81
-75,941,-1016
-42,-996,954
-695,179,-874
-994,846,-1840
-25,122,-147
-325,-721,396
-835,-991,156
638,-149,787
-423,-532,109
-46,801,-847
-208,-411,203
980,76,904
706,222,484
381,402,-21
-314,760,-1074
669,286,383
-920,1,-921
281,752,-471
-416,695,-1111
792,921,-129
-10,331,-341
-125,25,-150
789,-913,1702
-104,-251,147
-880,-61,-819
-829,140,-969
92,289,-197
-232,-124,-108
-602,-213,-389
229,635,-406
152,169,-17
798,699,99
-961,14,-975
-433,-382,-51
-914,911,-1825
941,-256,1197
374,-496,870
-944,-965,21
870,802,68
-175,773,-948
384,308,76
-330,57,-387
360,134,226
-829,147,-976
-217,880,-1097
371,-767,1138
-149,-477,328
-991,-453,-538
231,79,152
33,-772,805
-256,-498,242
474,-693,1167
464,905,-441
-549,880,-1429
912,-430,1342
724,397,327
456,-70,526
867,-205,1072
-288,-882,594
489,889,-400
-678,-396,-282
676,997,-321
374,-762,1136
-334,-785,451
-99,863,-962
234,247,-13
625,-748,1373
31,354,-323
297,24,273
418,792,-374
914,-652,1566
-189,-990,801
55,-992,1047
445,588,-143
-645,168,-813
391,-169,560
13,-285,298
977,561,416
328,-127,455
-664,-158,-506
-739,-930,191
506,-93,599
763,225,538
-889,-591,-298
-131,-125,-6
445,158,287
-101,-163,62
-588,-37,-551
570,-215,785
730,138,592
564,327,237
107,-639,746
141,219,-78
-242,-823,581
748,-600,1348
988,-205,1193
-800,-750,-50
-121,-723,602
-49,70,-119
-502,-110,-392
-859,746,-1605
194,-615,809
-621,-91,-530
-87,160,-247
625,688,-63
48,616,-568
-203,-526,323
779,-891,1670
-736,-639,-97
-60,-56,-4
-465,147,-612
993,-591,1584
395,-966,1361
-470,-607,137
672,716,-44
-105,-282,177
-814,764,-1578
-912,838,-1750
-91,-320,229
-742,398,-1140
-450,-857,407
386,-837,1223
-84,-20,-64
-395,813,-1208
813,321,492
-29,301,-330
-213,647,-860
775,-870,1645
796,-419,1215
667,149,518
501,833,-332
-101,-299,198
444,-426,870
78,-559,637
-419,-863,444
893,-69,962
-544,-900,356
865,182,683
867,782,85
98,-288,386
304,142,162
244,862,-618
481,-261,742
-888,127,-1015
867,-328,1195
-831,591,-1422
-4,33,-37
351,430,-79
858,897,-39
-971,-862,-109
-402,951,-1353
-107,445,-552
-18,961,-979
-59,-231,172
-65,62,-127
331,-993,1324
4,-101,105
695,571,124
561,-197,758
881,-899,1780
957,237,720
748,-772,1520
-410,97,-507
-123,890,-1013
-324,-746,422
-147,-117,-30
-410,-885,475
-221,-550,329
-11,2,-13
121,-653,774
-432,621,-1053
-954,281,-1235
754,771,-17
296,-698,994
-560,333,-893
981,297,684
366,-193,559
302,815,-513
451,-188,639
331,565,-234
693,-272,965
-8,736,-744
828,496,332
789,-394,1183
584,-243,827
312,-349,661
777,-806,1583
-486,871,-1357
19,387,-368
-174,-866,692
971,180,791
850,-208,1058
-663,879,-1542
-483,477,-960
-4,718,-722
648,-768,1416
829,-400,1229
461,351,110
341,-636,977
856,605,251
255,161,94
991,458,533
-144,-714,570
373,987,-614
434,238,196
-27,-764,737
294,-252,546
542,-23,565
576,277,299
248,-960,1208
318,-934,1252
-601,-339,-262
599,705,-106
-91,-277,186
-699,423,-1122
616,873,-257
-783,491,-1274
-611,407,-1018
-310,135,-445
-842,557,-1399
-494,-394,-100
548,963,-415
796,791,5
382,-641,1023
-422,3,-425
-432,-915,483
-781,496,-1277
117,-607,724
-130,-922,792
831,-550,1381
-410,-893,483
-564,47,-611
160,689,-529
40,926,-886
-898,-977,79
-701,832,-1533
-767,630,-1397
-994,164,-1158
-145,859,-1004
-777,633,-1410
-967,812,-1779
119,-785,904
613,317,296
-51,-159,108
763,-728,1491
603,880,-277
57,-129,186
-523,-918,395
-642,143,-785
713,-825,1538
-983,-980,-3
382,437,-55
-477,335,-812
89,-55,144
-647,978,-1625
700,29,671
569,-298,867
868,820,48
-408,-964,556
-278,128,-406
558,-519,1077
-124,-733,609
-919,-872,-47
-417,544,-961
-116,-638,522
897,454,443
382,-54,436
97,-420,517
-280,-793,513
67,847,-780
854,-145,999
-72,-164,92
954,245,709
-888,-266,-622
60,-354,414
-558,59,-617
375,-136,511
-815,-249,-566
-381,-542,161
-433,-308,-125
853,470,383
-722,-521,-201
-754,647,-1401
-331,-347,16
-918,290,-1208
684,847,-163
-559,502,-1061
831,278,553
-364,224,-588
-468,982,-1450
-271,88,-359
205,528,-323
625,-640,1265
-78,-131,53
-319,-668,349
-817,-789,-28
-683,218,-901
925,-844,1769
-234,418,-652
-110,58,-168
664,817,-153
141,838,-697
-346,-805,459
638,-456,1094
455,-979,1434
-312,-290,-22
563,-366,929
-61,-346,285
-502,-654,152
-894,-516,-378
3,888,-885
194,587,-393
446,417,29
-526,-70,-456
-61,-927,866
241,344,-103
-385,-465,80
110,-803,913
292,946,-654
463,-298,761
361,-529,890
929,-709,1638
365,-450,815
454,-983,1437
703,641,62
853,-605,1458
596,-605,1201
-11,328,-339
-610,-692,82
414,372,42
527,826,-299
439,711,-272
326,302,24
261,158,103
-517,-377,-140
-390,-117,-273
-278,374,-652
-236,-854,618
546,-424,970
-964,587,-1551
-47,-199,152
-715,368,-1083
974,-7,981
651,-789,1440
-161,667,-828
924,155,769
-327,219,-546
505,689,-184
356,543,-187
573,940,-367
-760,-46,-714
-379,292,-671
101,716,-615
-613,901,-1514
426,-200,626
-679,-946,267
631,484,147
-417,713,-1130
728,-512,1240
-515,-570,55
-562,38,-600
-904,-339,-565
-789,-199,-590
-33,-754,721
14,-349,363
54,-777,831
-428,-182,-246
482,794,-312
-527,107,-634
37,-127,164
-271,257,-528
502,-913,1415
531,-812,1343
-653,518,-1171
-571,-767,196
217,934,-717
-531,277,-808
161,-310,471
851,-770,1621
818,388,430
676,-219,895
-528,847,-1375
911,759,152
-683,486,-1169
-444,461,-905
789,-308,1097
-94,981,-1075
693,29,664
-486,-23,-463
355,-712,1067
891,278,613
203,643,-440
165,644,-479
942,21,921
910,437,473
177,460,-283
-88,921,-1009
-840,955,-1795
-902,-217,-685
-383,-429,46
89,-906,995
-784,-384,-400
511,-211,722
123,-21,144
638,115,523
-972,-480,-492
556,-792,1348
875,186,689
650,-713,1363
-838,-110,-728
-245,567,-812
-174,173,-347
106,628,-522
792,973,-181
-51,561,-612
-928,-486,-442
-851,-878,27
329,896,-567
-310,221,-531
-474,-438,-36
122,507,-385
167,-335,502
289,903,-614
900,-111,1011
-722,-948,226
650,904,-254
643,-494,1137
-149,73,-222
386,260,126
-145,971,-1116
145,-465,610
317,399,-82
857,-714,1571
-436,557,-993
750,7,743
-895,483,-1378
-923,-908,-15
-149,801,-950
-381,-300,-81
971,680,291
-495,85,-580
-815,-805,-10
914,-815,1729
463,948,-485
150,-455,605
-146,-29,-117
604,536,68
146,-732,878
430,7,423
702,232,470
432,523,-91
835,-527,1362
945,-483,1428
-909,250,-1159
572,-281,853
975,-54,1029
801,398,403
-112,614,-726
453,228,225
40,972,-932
487,856,-369
-385,-362,-23
-999,-145,-854
256,-955,1211
388,604,-216
-848,-814,-34
-876,267,-1143
-424,-470,46
-905,-356,-549
-985,-853,-132
841,142,699
154,364,-210
415,-521,936
-981,758,-1739
-135,49,-184
535,-226,761
728,10,718
193,-268,461
-184,-831,647
-211,110,-321
-430,555,-985
291,-221,512
-487,-952,465
-477,894,-1371
621,-170,791
-159,18,-177
248,364,-116
63,521,-458
833,-107,940
24,771,-747
778,842,-64
519,-604,1123
-467,306,-773
-169,611,-780
-775,-215,-560
201,-58,259
735,-643,1378
78,927,-849
-690,-112,-578
-846,-596,-250
-343,-791,448
-691,554,-1245
774,-416,1190
-960,784,-1744
-751,168,-919
590,-700,1290
-162,-851,689
-991,-541,-450
303,859,-556
155,120,35
-241,-324,83
497,670,-173
770,-811,1581
359,752,-393
-390,-453,63
-142,-242,100
-988,-873,-115
-581,-568,-13
478,-166,644
626,-327,953
977,-84,1061
924,-952,1876
868,-567,1435
-250,132,-382
468,-940,1408
-289,663,-952
462,912,-450
-591,352,-943
454,-807,1261
-20,761,-781
-769,-436,-333
894,-461,1355
-238,-988,750
-52,807,-859
-917,983,-1900
566,273,293
-92,500,-592
744,-930,1674
36,-172,208
-684,-910,226
-768,-592,-176
-476,293,-769
959,-310,1269
-337,-402,65
-37,-173,136
662,52,610
-932,-164,-768
659,160,499
818,-974,1792
-400,-607,207
880,-563,1443
839,-314,1153
326,316,10
-159,-744,585
-271,-776,505
446,730,-284
138,-748,886
-724,-693,-31
407,644,-237
406,240,166
981,214,767
-809,-377,-432
-934,-738,-196
409,-374,783
-310,-700,390
74,-130,204
-996,590,-1586
451,242,209
-275,-427,152
796,-890,1686
59,-943,1002
-978,131,-1109
353,-608,961
512,470,42
-1000,-512,-488
-784,-166,-618
-301,0,-301
275,-168,443
-700,-255,-445
-676,-884,208
-712,204,-916
-26,598,-624
340,-583,923
-323,-422,99
648,340,308
254,516,-262
105,277,-172
237,434,-197
633,872,-239
-653,396,-1049
458,-412,870
793,808,-15
-172,463,-635
916,139,777
309,82,227
105,-591,696
-984,-368,-616
-282,301,-583
455,385,70
794,876,-82
787,-156,943
-178,-318,140
-190,-838,648
40,-277,317
416,411,5
-202,40,-242
298,-113,411
634,27,607
17,373,-356
958,429,529
-863,-28,-835
-177,-793,616
-187,-831,644
95,-164,259
-905,-330,-575
238,693,-455
526,817,-291
368,-74,442
819,169,650
-696,-577,-119
346,-387,733
582,-401,983
-662,-256,-406
683,-105,788
36,-326,362
-995,-23,-972
731,-21,752
144,967,-823
-92,-145,53
-141,-689,548
-345,222,-567
91,-452,543
-998,844,-1842
983,876,107
472,197,275
-658,999,-1657
198,-62,260
-356,-306,-50
-772,186,-958
39,-414,453
749,101,648
408,-497,905
50,466,-416
315,-371,686
-629,-212,-417
100,-808,908
-265,543,-808
-884,-704,-180
-802,972,-1774
445,-727,1172
639,180,459
551,735,-184
446,-193,639
240,-651,891
-909,-518,-391
72,939,-867
-185,193,-378
-748,-396,-352
-944,-348,-596
-61,562,-623
-816,-97,-719
-140,-31,-109
901,126,775
487,692,-205
-287,664,-951
332,12,320
133,972,-839
972,-480,1452
-835,21,-856
-527,53,-580
-767,-505,-262
807,-825,1632
241,-34,275
3,7,-4
228,955,-727
-428,-640,212
704,-50,754
833,709,124
928,-357,1285
94,841,-747
-580,-971,391
-885,815,-1700
-997,491,-1488
-121,-222,101
-829,499,-1328
592,897,-305
-225,-930,705
69,881,-812
701,-596,1297
-735,638,-1373
-505,212,-717
-111,383,-494
-182,464,-646
-379,-454,75
867,411,456
553,-296,849
273,426,-153
-580,-466,-114
231,-700,931
-746,561,-1307
-136,-965,829
941,162,779
-272,-327,55
882,-227,1109
54,172,-118
-988,991,-1979
-365,360,-725
-160,258,-418
-261,-645,384
-83,769,-852
-217,-320,103
122,-226,348
-922,35,-957
-379,-576,197
26,-159,185
738,-223,961
-288,-843,555
-974,819,-1793
507,-382,889
683,-884,1567
681,1,680
-56,966,-1022
-961,379,-1340
684,815,-131
-72,108,-180
748,415,333
-73,844,-917
-231,-59,-172
930,-66,996
83,-223,306
902,-769,1671
-988,-327,-661
367,552,-185
600,433,167
785,-747,1532
890,876,14
6,361,-355
71,-872,943
19,-960,979
-37,-534,497
-153,-634,481
13,142,-129
328,477,-149
-419,-689,270
-64,516,-580
14,-999,1013
-959,785,-1744
70,785,-715
81,501,-420
365,-777,1142
-306,-918,612
-830,252,-1082
-688,-496,-192
121,-557,678
-374,-138,-236
-537,195,-732
-900,103,-1003
304,638,-334
-46,603,-649
-654,843,-1497
-776,-848,72
-65,105,-170
-778,-206,-572
-999,983,-1982
885,61,824
-433,269,-702
327,-296,623
652,-824,1476
951,835,116
-200,685,-885
-542,-908,366
352,-931,1283
-43,925,-968
-170,542,-712
997,851,146
164,712,-548
675,-568,1243
234,11,223
214,-58,272
-526,484,-1010
944,924,20
-427,883,-1310
161,837,-676
973,55,918
425,636,-211
-133,704,-837
548,-644,1192
702,401,301
413,954,-541
-811,506,-1317
-908,997,-1905
-917,-597,-320
-25,-282,257
213,-738,951
-948,-363,-585
992,-392,1384
-5,285,-290
-14,-376,362
-984,-467,-517
195,-13,208
-617,480,-1097
-349,-877,528
228,-155,383
-580,66,-646
42,-416,458
-321,271,-592
267,-202,469
-635,-366,-269
411,673,-262
-347,-678,331
-948,196,-1144
-695,569,-1264
79,-200,279
-499,-654,155
-30,472,-502
429,161,268
-469,2,-471
-800,-762,-38
-670,184,-854
-683,-682,-1
-119,3,-122
-699,462,-1161
-61,-311,250
319,0,319
-139,489,-628
903,-412,1315
-384,746,-1130
-98,-161,63
723,-69,792
838,517,321
622,356,266
-822,947,-1769
-378,-364,-14
85,-764,849
402,-566,968
-219,812,-1031
217,-387,604
987,-128,1115
-846,432,-1278
479,653,-174
-810,124,-934
-140,26,-166
608,887,-279
62,-423,485
-704,182,-886
-178,908,-1086
-325,224,-549
449,469,-20
-826,-49,-777
626,-937,1563
504,-906,1410
-621,-503,-118
-965,-704,-261
-400,148,-548
398,-131,529
-203,-425,222
192,-618,810
-522,-492,-30
-429,-763,334
423,83,340
210,-272,482
-909,177,-1086
609,-781,1390
-101,953,-1054
-180,845,-1025
948,-956,1904
245,-225,470
-44,418,-462
68,274,-206
961,793,168
-594,300,-894
446,-53,499
-4,684,-688
-614,-67,-547
391,-647,1038
-918,857,-1775
-548,-457,-91
-517,917,-1434
-956,688,-1644
-404,96,-500
93,420,-327
-332,-931,599
904,360,544
243,16,227
-447,-808,361
-415,-663,248
350,-845,1195
-384,-421,37
42,-520,562
-528,931,-1459
534,660,-126
462,432,30
349,759,-410
649,661,-12
-918,81,-999
885,-926,1811
662,-567,1229
-365,-106,-259
247,110,137
-741,697,-1438
224,-53,277
-715,40,-755
241,-139,380
376,79,297
49,-575,624
-761,-737,-24
269,-329,598
-951,175,-1126
101,441,-340
-143,352,-495
69,-229,298
182,175,7
45,-139,184
-325,-331,6
938,200,738
-666,-683,17
203,-357,560
600,811,-211
-310,979,-1289
77,-544,621
-907,-296,-611
-346,-82,-264
-800,65,-865
366,347,19
234,728,-494
910,-308,1218
-213,-338,125
-186,-875,689
512,589,-77
982,270,712
-898,871,-1769
659,614,45
-35,236,-271
422,285,137
622,-473,1095
-542,-865,323
-422,743,-1165
288,429,-141
577,696,-119
-577,-203,-374
-916,662,-1578
650,194,456
-567,-667,100
-732,819,-1551
-562,-207,-355
-222,-54,-168
158,494,-336
-392,969,-1361
-396,-243,-153
605,-247,852
-620,-729,109
-70,-41,-29
985,-84,1069
-878,689,-1567
318,-16,334
-907,-243,-664
527,-621,1148
651,248,403
300,-88,388
410,361,49
481,-134,615
-591,-291,-300
-520,439,-959
-237,132,-369
657,575,82
741,-753,1494
-508,358,-866
863,558,305
-685,-45,-640
619,11,608
283,85,198
935,359,576
-640,-887,247
776,-200,976
949,756,193
16,-470,486
402,-52,454
-396,198,-594
-549,-194,-355
255,458,-203
546,-997,1543
-826,-464,-362
-972,-760,-212
973,-585,1558
-534,-465,-69
-770,305,-1075
304,234,70
-585,-433,-152
-664,338,-1002
-143,-374,231
-317,538,-855
241,-277,518
178,264,-86
384,-518,902
-33,656,-689
-986,713,-1699
470,30,440
27,408,-381
-890,849,-1739
266,-694,960
318,-766,1084
501,-410,911
-627,-165,-462
932,56,876
455,546,-91
859,789,70
453,-462,915
723,-922,1645
-36,-903,867
223,958,-735
-371,619,-990
-39,-17,-22
-675,455,-1130
863,12,851
256,739,-483
-626,-580,-46
-129,641,-770
140,-75,215
-611,642,-1253
70,-82,152
-992,-661,-331
-809,647,-1456
985,-841,1826
-817,926,-1743
754,-970,1724
569,235,334
-362,-801,439
-116,312,-428
916,-808,1724
-309,270,-579
-695,-525,-170
150,250,-100
-137,-499,362
60,-244,304
745,-577,1322
550,-427,977
289,-882,1171
-980,923,-1903
-742,-790,48
-490,585,-1075
-494,377,-871
-120,-313,193
585,222,363
652,870,-218
-365,919,-1284
724,-15,739
-73,-679,606
-323,-513,190
360,-391,751
783,32,751
248,726,-478
-220,-943,723
331,-101,432
-674,-573,-101
760,-605,1365
-844,-571,-273
278,-841,1119
-806,85,-891
-433,-52,-381
254,185,69
567,189,378
-897,-872,-25
409,928,-519
102,949,-847
978,373,605
-792,-396,-396
242,-910,1152
538,-599,1137
796,-942,1738
237,-255,492
-137,-256,119
-536,-364,-172
-248,720,-968
-158,134,-292
709,557,152
-483,663,-1146
-687,-906,219
-424,-664,240
-111,-234,123
-354,206,-560
-544,-409,-135
-445,847,-1292
-443,740,-1183
928,877,51
-432,947,-1379
622,464,158
669,-123,792
-191,617,-808
968,-537,1505
100,396,-296
345,-101,446
-935,975,-1910
-124,162,-286
689,872,-183
552,-866,1418
-438,-314,-124
413,-537,950
389,206,183
685,916,-231
-714,380,-1094
-497,-841,344
358,896,-538
453,860,-407
-693,-625,-68
335,801,-466
-333,392,-725
-91,42,-133
518,859,-341
-415,173,-588
-714,563,-1277
-735,-567,-168
-375,-97,-278
497,-794,1291
-28,231,-259
-254,-969,715
-677,13,-690
-300,680,-980
-771,-467,-304
-996,678,-1674
424,524,-100
-491,675,-1166
25,-241,266
-657,368,-1025
-641,446,-1087
725,501,224
-320,514,-834
-307,-1,-306
70,-103,173
903,289,614
891,587,304
499,-561,1060
-213,302,-515
-770,-816,46
-930,-591,-339
-112,143,-255
-4,-295,291
565,-378,943
-63,-554,491
-292,945,-1237
481,-654,1135
62,931,-869
922,785,137
246,182,64
-396,954,-1350
-721,928,-1649
-672,8,-680
-813,908,-1721
156,405,-249
-384,-259,-125
-383,201,-584
437,-356,793
192,-942,1134
734,625,109
-628,198,-826
-165,-36,-129
-240,766,-1006
-898,563,-1461
757,-20,777
-840,-993,153
-685,-941,256
463,807,-344
484,342,142
494,455,39
-533,36,-569
11,86,-75
-613,-793,180
-415,-667,252
704,239,465
-948,807,-1755
-36,507,-543
376,-904,1280
45,-401,446
-256,-988,732
426,447,-21
-242,108,-350
-562,528,-1090
-950,-885,-65
322,-644,966
689,-420,1109
-668,-853,185
-855,523,-1378
579,44,535
-429,311,-740
544,-50,594
559,777,-218
-895,-744,-151
-20,-46,26
824,532,292
741,-231,972
922,-419,1341
-299,-189,-110
-523,646,-1169
9,-497,506
-469,-466,-3
727,-349,1076
188,684,-496
-157,-9,-148
905,218,687
-408,411,-819
-201,899,-1100
404,-297,701
-442,-799,357
-376,-588,212
277,66,211
784,-621,1405
186,219,-33
-287,949,-1236
493,-857,1350
937,284,653
-944,983,-1927
953,-494,1447
-110,338,-448
585,293,292
-315,876,-1191
879,203,676
533,-484,1017
970,987,-17
-475,508,-983
473,-413,886
-63,824,-887
710,-472,1182
797,79,718
-340,-679,339
-786,-827,41
405,-402,807
329,-401,730
-534,-897,363
93,188,-95
-170,632,-802
-251,-57,-194
183,465,-282
-944,-204,-740
-729,963,-1692
573,-661,1234
-915,-612,-303
-54,-723,669
-240,-720,480
-964,609,-1573
-976,194,-1170
446,150,296
-745,-734,-11
-600,-100,-500
488,239,249
92,548,-456
-84,-48,-36
-426,-880,454
-646,494,-1140
534,188,346
-565,369,-934
352,-548,900
-75,-788,713
293,-823,1116
-550,917,-1467
530,402,128
737,-816,1553
137,981,-844
-902,375,-1277
-326,824,-1150
923,421,502
-599,-916,317
515,-658,1173
-367,-191,-176
-369,274,-643
-648,-886,238
958,-311,1269
-506,-338,-168
-907,-426,-481
-655,-667,12
-653,470,-1123
-999,-283,-716
246,819,-573
-435,-873,438
-336,-548,212
3,486,-483
989,114,875
460,-933,1393
652,775,-123
213,-599,812
-36,847,-883
72,-494,566
348,978,-630
-833,-139,-694
520,694,-174
177,-98,275
-205,97,-302
398,-726,1124
-44,804,-848
898,-183,1081
541,-894,1435
-484,-511,27
778,37,741
315,-648,963
-109,677,-786
-792,352,-1144
-343,175,-518
420,-460,880
-660,912,-1572
-495,-140,-355
-792,807,-1599
-805,-305,-500
-38,-585,547
388,-106,494
325,-140,465
-47,15,-62
215,252,-37
-617,661,-1278
-663,978,-1641
-949,120,-1069
-835,575,-1410
-544,666,-1210
-264,428,-692
-757,-112,-645
-46,171,-217
134,136,-2
684,79,605
-760,608,-1368
108,609,-501
-654,-394,-260
-309,423,-732
523,812,-289
-98,-70,-28
-337,-189,-148
-523,808,-1331
-42,-779,737
195,766,-571
695,-347,1042
884,-917,1801
-183,935,-1118
525,-744,1269
-28,-282,254
736,-595,1331
935,327,608
305,325,-20
634,-933,1567
-949,-86,-863
-154,-592,438
-636,-24,-612
-112,111,-223
830,750,80
-716,763,-1479
717,849,-132
832,-179,1011
-952,44,-996
-158,205,-363
-303,172,-475
-292,776,-1068
-885,-138,-747
-652,338,-990
654,76,578
364,-885,1249
-963,-86,-877
-17,-99,82
538,-262,800
264,860,-596
976,156,820
864,677,187
431,768,-337
942,-731,1673
668,562,106
312,-412,724
-539,-494,-45
506,384,122
422,-719,1141
-264,137,-401
-639,-27,-612
668,680,-12
46,953,-907
-287,-944,657
716,-212,928
-484,-223,-261
-700,843,-1543
-119,-626,507
515,258,257
182,-343,525
424,-804,1228
279,997,-718
175,-118,293
-696,-429,-267
-471,434,-905
82,38,44
43,-990,1033
-803,-58,-745
-900,-934,34
706,183,523
801,643,158
-481,859,-1340
-805,212,-1017
-71,479,-550
561,-444,1005
-37,-275,238
-223,-188,-35
222,-777,999
-271,130,-401
594,552,42
121,794,-673
745,-32,777
777,-338,1115
-965,685,-1650
-854,-339,-515
858,-855,1713
-65,-924,859
-290,96,-386
138,176,-38
347,-565,912
-229,-448,219
-908,143,-1051
367,-297,664
-427,666,-1093
-553,416,-969
-892,-729,-163
849,-152,1001
-591,505,-1096
-308,-182,-126
-369,-324,-45
-800,-37,-763
76,118,-42
-413,-302,-111
-603,464,-1067
745,40,705
880,-289,1169
215,-261,476
-212,-916,704
75,-715,790
-935,-638,-297
787,-247,1034
-196,850,-1046
-948,-227,-721
514,70,444
948,-474,1422
70,46,24
579,-935,1514
545,732,-187
-36,197,-233
213,458,-245
923,-524,1447
242,-588,830
-541,110,-651
-231,388,-619
-163,1,-164
518,-453,971
103,102,1
-861,708,-1569
649,90,559
910,-965,1875
-882,717,-1599
-102,10,-112
672,294,378
-221,986,-1207
-875,948,-1823
-938,164,-1102
-131,963,-1094
423,-61,484
463,-777,1240
-732,550,-1282
792,910,-118
47,-376,423
-485,456,-941
-566,800,-1366
-406,349,-755
679,878,-199
-947,902,-1849
-993,66,-1059
640,-585,1225
-847,938,-1785
-564,-590,26
420,355,65
931,833,98
982,-683,1665
976,635,341
99,425,-326
-735,54,-789
-115,419,-534
-586,377,-963
574,-56,630
-472,117,-589
-847,402,-1249
-182,-391,209
-994,-324,-670
-586,-769,183
45,-351,396
659,497,162
840,-153,993
-641,420,-1061
-151,-154,3
-233,-379,146
-424,300,-724
-720,-467,-253
-786,626,-1412
-62,-942,880
299,989,-690
531,-67,598
-187,-753,566
58,981,-923
734,-594,1328
-735,-653,-82
-162,-563,401
481,-877,1358
-857,957,-1814
-81,501,-582
-261,905,-1166
599,653,-54
-840,43,-883
924,-2,926
25,-500,525
689,315,374
-740,-338,-402
388,808,-420
-404,260,-664
143,58,85
-271,523,-794
634,-720,1354
-227,-612,385
-462,-915,453
-384,55,-439
-436,997,-1433
983,-950,1933
-910,489,-1399
-211,-201,-10
-302,232,-534
610,-183,793
551,75,476
53,-354,407
928,-765,1693
-100,40,-140
498,689,-191
-254,-489,235
-151,918,-1069
-396,488,-884
438,-726,1164
530,-958,1488
114,-308,422
-561,727,-1288
-990,495,-1485
-680,519,-1199
796,-97,893
32,941,-909
-570,-787,217
6,141,-135
-867,-577,-290
906,576,330
393,-621,1014
263,-806,1069
530,-879,1409
-443,253,-696
-576,950,-1526
-388,-123,-265
-486,972,-1458
-791,-295,-496
142,-901,1043
877,-845,1722
313,-161,474
-973,285,-1258
-767,204,-971
-291,-326,35
-306,18,-324
451,-777,1228
-171,560,-731
-760,265,-1025
-545,63,-608
-526,847,-1373
249,838,-589
367,749,-382
970,-865,1835
-435,560,-995
959,-556,1515
745,-48,793
-651,560,-1211
825,946,-121
913,833,80
253,-670,923
-759,927,-1686
675,-881,1556
-966,-228,-738
-912,744,-1656
174,-265,439
-828,-665,-163
902,24,878
904,-809,1713
426,-954,1380
454,820,-366
-192,-239,47
-336,583,-919
-783,456,-1239
-312,250,-562
-1,656,-657
-877,-235,-642
759,560,199
-182,-632,450
-135,250,-385
-788,169,-957
784,-374,1158
-213,-704,491
230,476,-246
897,147,750
577,538,39
576,744,-168
-619,518,-1137
-739,631,-1370
119,-435,554
-632,-304,-328
-993,240,-1233
702,918,-216
-559,890,-1449
-548,334,-882
-747,-517,-230
-453,-30,-423
76,461,-385
665,-364,1029
-500,-42,-458
272,893,-621
-280,-938,658
-949,-980,31
168,-39,207
-584,-965,381
-928,243,-1171
-398,-122,-276
-800,-639,-161
620,-933,1553
-750,-14,-736
206,-846,1052
-773,-784,11
397,-695,1092
422,316,106
-867,434,-1301
-671,85,-756
-737,43,-780
373,-297,670
568,-340,908
895,500,395
545,-632,1177
575,559,16
854,-183,1037
246,187,59
722,-499,1221
802,174,628
-81,-699,618
-532,-941,409
638,-904,1542
-527,510,-1037
580,-144,724
330,370,-40
993,-209,1202
-708,856,-1564
170,-237,407
313,-225,538
195,-933,1128
-874,716,-1590
107,600,-493
-427,-711,284
646,465,181
283,-854,1137
-17,6,-23
449,148,301
482,-985,1467
711,249,462
463,-461,924
-803,-822,19
-238,-508,270
512,621,-109
599,-419,1018
362,-926,1288
835,-352,1187
-116,-798,682
654,592,62
-521,118,-639
-940,-698,-242
-601,289,-890
-688,-129,-559
-571,-243,-328
54,-915,969
549,269,280
193,499,-306
-157,336,-493
156,252,-96
-191,-177,-14
-202,88,-290
-236,-706,470
-797,-777,-20
-602,134,-736
609,642,-33
-523,247,-770
220,762,-542
-145,-76,-69
72,-476,548
470,-32,502
-906,-754,-152
-689,-886,197
-695,-336,-359
136,-286,422
476,295,181
192,553,-361
-231,-419,188
403,228,175
-644,283,-927
420,987,-567
783,705,78
839,-307,1146
234,-121,355
-407,-159,-248
-259,-659,400
641,-66,707
253,324,-71
-962,473,-1435
-183,889,-1072
836,-210,1046
459,22,437
705,33,672
759,60,699
-577,-251,-326
262,276,-14
966,-932,1898
133,-729,862
-954,-367,-587
-366,202,-568
102,-207,309
641,240,401
540,-103,643
-884,-419,-465
42,464,-422
-712,-544,-168
419,948,-529
735,66,669
256,98,158
465,116,349
73,818,-745
588,827,-239
947,-39,986
-160,663,-823
-682,-253,-429
-724,-716,-8
966,-44,1010
-468,756,-1224
-838,234,-1072
-958,-947,-11
980,345,635
909,200,709
-118,20,-138
964,136,828
412,132,280
672,-143,815
-385,648,-1033
758,616,142
-289,680,-969
-810,-558,-252
200,986,-786
307,-667,974
-978,371,-1349
-88,225,-313
-885,-906,21
438,587,-149
-103,588,-691
368,-459,827
-556,927,-1483
834,-696,1530
-505,919,-1424
615,300,315
-162,953,-1115
78,-327,405
-977,-786,-191
68,918,-850
-235,762,-997
-863,153,-1016
759,-26,785
-192,-598,406
-198,-296,98
-730,-738,8
-236,-541,305
16,168,-152
-83,-178,95
-682,453,-1135
-138,35,-173
-288,-431,143
-892,-462,-430
-237,-205,-32
622,-969,1591
460,-552,1012
307,-257,564
246,-720,966
-469,-477,8
143,96,47
-578,18,-596
814,-303,1117
275,-492,767
928,-842,1770
728,-526,1254
167,752,-585
-621,395,-1016
-80,-239,159
494,-385,879
101,-658,759
-440,-98,-342
756,-910,1666
-456,-916,460
944,89,855
-566,-474,-92
104,-979,1083
-46,467,-513
-719,367,-1086
-386,-875,489
770,352,418
723,841,-118
828,537,291
578,218,360
-465,599,-1064
23,-771,794
775,726,49
-144,894,-1038
808,81,727
-823,653,-1476
-672,294,-966
99,751,-652
655,-463,1118
-974,281,-1255
647,-952,1599
178,422,-244
-866,710,-1576
194,-740,934
-636,261,-897
405,129,276
494,699,-205
-165,-471,306
-875,-183,-692
-331,-965,634
527,-9,536
79,-105,184
-962,774,-1736
-149,-362,213
614,710,-96
244,-523,767
508,818,-310
-936,276,-1212
742,972,-230
-194,-815,621
153,-11,164
-927,931,-1858
-155,-133,-22
121,-684,805
913,-148,1061
134,-354,488
115,-530,645
-2,259,-261
-316,-586,270
-925,-323,-602
-945,-83,-862
-419,33,-452
610,-9,619
-437,248,-685
-481,-506,25
-428,-815,387
-631,321,-952
971,-506,1477
-133,-235,102
-595,-375,-220
325,-295,620
657,616,41
304,401,-97
-829,623,-1452
528,-543,1071
661,644,17
-122,586,-708
-662,-473,-189
-140,-850,710
-62,74,-136
225,-683,908
992,566,426
659,-137,796
439,-857,1296
660,-253,913
821,-803,1624
-634,956,-1590
-315,-997,682
251,352,-101
-593,939,-1532
-373,453,-826
-84,959,-1043
455,846,-391
-254,108,-362
563,-602,1165
885,-340,1225
419,-158,577
-579,-647,68
-293,796,-1089
492,33,459
468,-753,1221
-522,767,-1289
-313,655,-968
-257,47,-304
807,-858,1665
892,-337,1229
-569,289,-858
614,581,33
-733,628,-1361
418,-79,497
891,-157,1048
-451,-385,-66
-542,509,-1051
136,-634,770
182,-476,658
-117,1,-118
264,-477,741
-406,64,-470
969,119,850
282,676,-394
-712,-523,-189
185,774,-589
324,288,36
268,-197,465
553,-865,1418
-638,490,-1128
-631,514,-1145
-456,902,-1358
-789,226,-1015
69,-656,725
-779,-564,-215
669,-443,1112
-345,-255,-90
-584,202,-786
-304,-43,-261
936,639,297
643,520,123
-774,298,-1072
561,-451,1012
-913,688,-1601
111,-589,700
842,-618,1460
482,768,-286
226,195,31
29,416,-387
112,171,-59
-339,334,-673
530,225,305
-146,432,-578
512,154,358
257,242,15
75,924,-849
834,-188,1022
562,984,-422
576,-702,1278
550,382,168
39,-32,71
-157,101,-258
-531,-11,-520
749,869,-120
-982,-993,11
-285,571,-856
-285,511,-796
-617,-244,-373
-764,-767,3
597,-701,1298
388,-531,919
-341,649,-990
-987,137,-1124
-684,759,-1443
411,665,-254
-24,-410,386
260,-981,1241
17,-226,243
577,-165,742
-845,-956,111
701,722,-21
-819,197,-1016
-877,-267,-610
-852,786,-1638
617,61,556
833,394,439
807,-575,1382
-690,-443,-247
898,-266,1164
-677,-771,94
831,-852,1683
173,981,-808
-793,32,-825
462,303,159
-328,-397,69
-223,483,-706
-610,479,-1089
566,446,120
84,-948,1032
412,700,-288
947,106,841
416,425,-9
663,978,-315
734,260,474
851,-306,1157
-397,504,-901
-367,548,-915
52,-305,357
57,192,-135
-96,-238,142
-259,-185,-74
-279,-13,-266
280,521,-241
-729,495,-1224
-869,-953,84
236,535,-299
642,-947,1589
566,645,-79
546,-352,898
707,968,-261
982,-373,1355
454,-47,501
-33,-218,185
-516,3,-519
569,-649,1218
-528,-541,13
220,106,114
515,-381,896
114,-676,790
822,-431,1253
-390,-597,207
-196,-871,675
659,373,286
-280,-165,-115
-247,-654,407
-484,234,-718
136,866,-730
-750,-427,-323
-771,-325,-446
-731,-869,138
551,865,-314
94,-779,873
-16,-408,392
-638,-325,-313
890,-664,1554
407,-565,972
-561,806,-1367
-901,-781,-120
321,-827,1148
209,336,-127
-780,231,-1011
-495,950,-1445
-5,-808,803
-932,-215,-717
-238,-618,380
936,-885,1821
-418,588,-1006
-433,-118,-315
150,224,-74
-905,446,-1351
-223,-205,-18
-727,-750,23
615,957,-342
-844,-85,-759
474,472,2
324,925,-601
-321,926,-1247
-809,-607,-202
394,-411,805
-140,473,-613
-905,12,-917
-523,-711,188
-942,-693,-249
680,289,391
-585,-135,-450
-906,-737,-169
197,843,-646
-286,-219,-67
350,-429,779
-487,-427,-60
316,801,-485
-163,-7,-156
64,-566,630
102,-615,717
-472,-875,403
-731,-626,-105
-357,-715,358
362,847,-485
949,376,573
-166,-366,200
445,797,-352
-635,-807,172
268,743,-475
-871,-726,-145
38,-915,953
-990,127,-1117
-945,-945,0
-671,-123,-548
178,-328,506
-486,-445,-41
-464,-441,-23
566,-909,1475
360,75,285
-446,254,-700
588,-374,962
-548,-724,176
-26,151,-177
-16,-618,602
147,888,-741
-495,-46,-449
718,-872,1590
965,-531,1496
-828,837,-1665
-516,376,-892
382,-877,1259
898,-856,1754
-920,-983,63
-992,188,-1180
447,-558,1005
-60,721,-781
-611,826,-1437
823,305,518
-620,-210,-410
443,-70,513
233,237,-4
-721,-705,-16
871,818,53
503,-619,1122
-976,905,-1881
-422,-607,185
695,78,617
-711,-43,-668
-525,-924,399
540,-431,971
-249,816,-1065
681,749,-68
518,-556,1074
21,81,-60
-557,-722,165
727,428,299
695,649,46
-559,544,-1103
-964,279,-1243
-143,-122,-21
-550,392,-942
639,729,-90
660,600,60
338,-789,1127
-66,525,-591
448,440,8
546,337,209
816,420,396
984,-723,1707
673,745,-72
386,373,13
-572,314,-886
249,514,-265
855,-57,912
891,621,270
154,868,-714
960,-369,1329
-402,243,-645
-853,-667,-186
418,-934,1352
-442,671,-1113
70,235,-165
639,-382,1021
917,-401,1318
365,-339,704
-548,-607,59
603,-784,1387
-506,575,-1081
-327,14,-341
8,-156,164
-78,-405,327
-762,10,-772
454,543,-89
458,-726,1184
517,-165,682
-559,50,-609
-672,610,-1282
425,-78,503
170,30,140
640,-17,657
656,748,-92
765,-961,1726
-613,636,-1249
307,849,-542
-691,-94,-597
928,-421,1349
-823,401,-1224
-139,213,-352
202,289,-87
282,-206,488
184,-107,291
967,-165,1132
-844,-365,-479
-442,326,-768
4,-925,929
-157,-290,133
205,-498,703
971,-632,1603
637,-674,1311
-159,-159,0
663,43,620
-491,-462,-29
-520,545,-1065
-851,-986,135
-568,496,-1064
245,-377,622
-99,169,-268
-914,767,-1681
-425,-959,534
573,-19,592
-31,134,-165
713,-663,1376
247,980,-733
522,324,198
672,-779,1451
-860,-701,-159
-769,-474,-295
-888,332,-1220
-143,-134,-9
-495,601,-1096
864,-336,1200
-642,-965,323
853,14,839
-206,-135,-71
218,-311,529
-169,-331,162
520,-589,1109
-198,-640,442
-268,950,-1218
-225,-254,29
101,-380,481
-335,593,-928
112,-43,155
269,97,172
362,-243,605
759,-799,1558
-198,590,-788
-191,-663,472
-124,-911,787
898,-664,1562
-45,949,-994
-420,351,-771
-658,98,-756
412,536,-124
-165,710,-875
-749,668,-1417
-959,-11,-948
-638,-256,-382
-989,-848,-141
-215,-92,-123
28,-738,766
-625,-483,-142
874,646,228
293,-808,1101
96,400,-304
412,-779,1191
-647,-877,230
4,686,-682
-417,345,-762
-728,-766,38
-58,-473,415
-391,370,-761
-549,-217,-332
-268,574,-842
942,-656,1598
980,178,802
716,831,-115
243,872,-629
859,-134,993
568,566,2
907,-715,1622
773,148,625
634,76,558
320,-439,759
-193,278,-471
749,450,299
204,-336,540
-454,-506,52
756,-906,1662
732,-267,999
-617,56,-673
990,-918,1908
871,-385,1256
-638,877,-1515
543,-789,1332
78,-293,371
102,987,-885
-18,-794,776
130,-806,936
350,397,-47
298,-805,1103
-72,-186,114
-94,264,-358
-230,514,-744
-491,-796,305
346,-958,1304
64,-678,742
-749,-515,-234
-346,-821,475
-844,482,-1326
839,-902,1741
-247,712,-959
-40,711,-751
508,-987,1495
-683,-787,104
-599,24,-623
-107,-592,485
234,-871,1105
-53,-757,704
209,-446,655
-154,389,-543
896,670,226
-808,551,-1359
756,-698,1454
272,518,-246
150,-335,485
-86,-134,48
-820,705,-1525
-512,603,-1115
-665,-829,164
820,453,367
-549,34,-583
-288,-796,508
-759,960,-1719
-798,253,-1051
-630,593,-1223
487,818,-331
-495,444,-939
991,-869,1860
836,811,25
-412,-1000,588
-681,867,-1548
17,165,-148
537,669,-132
-3,-992,989
-425,567,-992
756,-680,1436
-143,844,-987
829,-412,1241
-626,223,-849
-828,-755,-73
718,-398,1116
356,-124,480
637,-637,1274
344,-362,706
852,-498,1350
713,92,621
-523,738,-1261
674,100,574
-874,-180,-694
838,-456,1294
-663,905,-1568
708,905,-197
-38,-220,182
744,229,515
-564,493,-1057
31,-297,328
-265,320,-585
-34,406,-440
359,-929,1288
-548,788,-1336
710,760,-50
212,404,-192
-801,-614,-187
648,-630,1278
-664,-146,-518
839,675,164
-245,-872,627
351,-118,469
374,-326,700
-395,-497,102
291,451,-160
567,-549,1116
274,-168,442
153,114,39
-987,-691,-296
294,-36,330
543,-405,948
-461,-812,351
-673,472,-1145
914,189,725
-929,942,-1871
266,-477,743
-377,-631,254
-832,967,-1799
793,-604,1397
963,522,441
-625,-453,-172
555,-39,594
-322,571,-893
-714,519,-1233
-511,-212,-299
-840,153,-993
-683,390,-1073
725,-345,1070
-658,-301,-357
-891,-619,-272
-196,62,-258
-700,586,-1286
960,205,755
-315,224,-539
-453,-723,270
-875,617,-1492
-528,-561,33
844,-655,1499
-30,-97,67
-960,-556,-404
914,998,-84
952,-553,1505
-998,-478,-520
691,98,593
-852,-724,-128
-279,-836,557
-207,-179,-28
325,387,-62
-486,-974,488
393,982,-589
-436,595,-1031
-801,-636,-165
-917,587,-1504
-406,-681,275
-253,498,-751
651,-909,1560
-114,863,-977
907,347,560
329,-909,1238
734,-322,1056
412,639,-227
-342,-35,-307
-620,634,-1254
-933,-65,-868
125,-843,968
-291,569,-860
782,-339,1121
-955,668,-1623
-505,846,-1351
-333,506,-839
-788,-164,-624
-245,-687,442
-406,-405,-1
461,-493,954
931,-925,1856
-165,-889,724
-132,14,-146
969,994,-25
643,-104,747
-786,246,-1032
70,561,-491
496,334,162
-672,343,-1015
757,517,240
-100,300,-400
864,-171,1035
-430,654,-1084
149,270,-121
-135,-412,277
829,-195,1024
566,844,-278
784,-704,1488
685,-895,1580
192,104,88
-20,-733,713
518,-789,1307
-181,-451,270
645,-531,1176
618,601,17
-507,316,-823
718,-243,961
727,573,154
401,662,-261
614,800,-186
-805,78,-883
517,-373,890
422,466,-44
877,147,730
968,-745,1713
-790,-156,-634
-897,829,-1726
684,-435,1119
-424,956,-1380
255,-594,849
-760,681,-1441
-731,581,-1312
-793,-331,-462
141,349,-208
-284,810,-1094
-318,-38,-280
-531,925,-1456
-875,-384,-491
-355,187,-542
379,-244,623
754,-33,787
-774,-54,-720
470,-625,1095
-649,22,-671
-576,419,-995
542,-486,1028
-54,-988,934
-718,-38,-680
-324,17,-341
-566,746,-1312
147,60,87
220,690,-470
989,-754,1743
-624,-568,-56
562,-895,1457
805,-583,1388
-170,-331,161
885,-210,1095
-298,-406,108
-970,-377,-593
99,905,-806
680,-732,1412
-996,-409,-587
127,794,-667
680,-472,1152
-546,-852,306
520,-795,1315
-358,460,-818
823,-352,1175
858,237,621
-334,-11,-323
-91,-363,272
-623,61,-684
-578,953,-1531
-121,-310,189
-677,-429,-248
-480,-27,-453
-59,820,-879
651,192,459
-632,166,-798
-1,-343,342
595,374,221
-451,-875,424
871,115,756
-358,-637,279
-555,694,-1249
-208,-459,251
-773,228,-1001
246,-290,536
-578,-907,329
-287,-245,-42
-594,241,-835
-444,715,-1159
334,858,-524
-285,-130,-155
-109,314,-423
399,787,-388
-160,-894,734
-98,-530,432
-984,-515,-469
212,-596,808
-846,-579,-267
204,-708,912
-753,39,-792
-907,140,-1047
-450,782,-1232
657,909,-252
-170,-16,-154
955,-38,993
-327,-93,-234
-663,-253,-410
414,-119,533
-111,-704,593
679,167,512
-813,20,-833
331,137,194
-923,-716,-207
-376,-59,-317
79,-406,485
418,-387,805
-125,772,-897
173,-605,778
338,-391,729
-270,531,-801
867,-402,1269
508,281,227
544,-876,1420
-653,29,-682
4,-592,596
-40,514,-554
450,-384,834
244,-788,1032
-829,-385,-444
129,90,39
159,-987,1146
493,-738,1231
653,807,-154
-236,-580,344
-479,-974,495
-830,-529,-301
302,335,-33
-674,565,-1239
166,698,-532
119,-272,391
639,744,-105
-187,676,-863
-885,289,-1174
798,27,771
-300,184,-484
-669,-41,-628
886,850,36
770,401,369
-304,-260,-44
-560,-424,-136
674,57,617
199,930,-731
-581,-52,-529
-408,-6,-402
-314,-407,93
-191,396,-587
-128,462,-590
-576,370,-946
581,83,498
852,-60,912
-109,-418,309
-987,727,-1714
-324,208,-532
-687,-185,-502
-180,577,-757
868,113,755
-745,-619,-126
587,-788,1375
896,77,819
99,258,-159
50,-305,355
-714,-460,-254
723,408,315
-188,223,-411
589,125,464
-24,-153,129
-806,-417,-389
-664,865,-1529
497,-320,817
-357,11,-368
112,297,-185
888,-709,1597
