Number1,Number2,Summation
134,-361,-227
-752,825,73
-379,-803,-1182
-839,-351,-1190
-59,-585,-644
565,-468,97
642,645,1287
-571,686,115
-812,-747,-1559
10,-204,-194
636,8,644
-977,-729,-1706
330,236,566
838,-935,-97
453,283,736
946,553,1499
690,-379,311
-174,427,253
415,-315,100
63,-552,-489
-499,-911,-1410
652,680,1332
-85,613,528
-405,667,262
253,420,673
-777,389,-388
-996,-43,-1039
-91,358,267
-971,-52,-1023
282,-915,-633
-205,754,549
-537,320,-217
-682,-141,-823
330,647,977
765,540,1305
-471,-374,-845
796,-982,-186
299,530,829
-536,-529,-1065
-751,-69,-820
571,-875,-304
269,257,526
-244,-278,-522
-947,848,-99
38,-68,-30
-451,951,500
940,-306,634
-393,681,288
150,-90,60
829,795,1624
528,188,716
99,-627,-528
370,-291,79
140,-727,-587
43,785,828
-370,887,517
-775,41,-734
-5,-178,-183
807,-823,-16
297,-565,-268
829,-268,561
-217,820,603
-986,-430,-1416
-828,-411,-1239
-810,505,-305
-947,477,-470
291,-745,-454
-25,-658,-683
-51,956,905
-795,190,-605
196,-74,122
-199,-687,-886
543,-469,74
-465,357,-108
252,146,398
854,203,1057
-664,-297,-961
-733,497,-236
780,482,1262
630,346,976
38,862,900
-819,-861,-1680
611,185,796
513,-902,-389
-640,-104,-744
-409,-876,-1285
80,-96,-16
372,769,1141
120,726,846
-592,791,199
248,-670,-422
-993,-712,-1705
-876,670,-206
-863,684,-179
503,919,1422
-492,21,-471
-502,268,-234
768,-977,-209
-536,987,451
606,866,1472
403,372,775
-864,-830,-1694
548,-896,-348
-968,7,-961
-559,-561,-1120
-524,-673,-1197
-22,523,501
-511,379,-132
597,422,1019
-710,943,233
-164,-899,-1063
-96,226,130
-31,-979,-1010
26,932,958
995,472,1467
-909,-88,-997
20,14,34
5,-209,-204
-444,372,-72
359,-531,-172
-641,-848,-1489
105,351,456
-922,245,-677
500,-1000,-500
-604,627,23
-491,-288,-779
705,-92,613
365,752,1117
-79,-977,-1056
902,587,1489
-135,97,-38
-909,351,-558
712,-45,667
99,436,535
218,-582,-364
474,-1000,-526
634,-305,329
-687,977,290
-548,798,250
962,83,1045
546,955,1501
-576,-96,-672
-10,-833,-843
-511,311,-200
126,943,1069
227,-478,-251
315,-283,32
589,320,909
158,627,785
911,757,1668
711,-574,137
490,-766,-276
731,-535,196
-726,-207,-933
810,220,1030
-466,-94,-560
919,495,1414
-260,501,241
-634,303,-331
415,742,1157
-909,663,-246
291,-426,-135
600,377,977
628,-742,-114
-196,389,193
-153,282,129
-77,-965,-1042
632,627,1259
613,363,976
-70,104,34
-631,-848,-1479
771,-99,672
867,-841,26
-975,-527,-1502
103,-242,-139
229,897,1126
-937,157,-780
-914,119,-795
678,29,707
372,-283,89
-177,641,464
763,149,912
-806,-930,-1736
-389,406,17
-394,-713,-1107
-582,-106,-688
853,603,1456
141,671,812
-818,-455,-1273
704,-828,-124
917,-708,209
969,671,1640
371,-844,-473
261,-365,-104
463,433,896
-424,-46,-470
-349,-640,-989
310,245,555
494,-722,-228
-637,397,-240
-647,92,-555
-578,58,-520
545,172,717
-146,168,22
661,809,1470
-385,-909,-1294
988,-6,982
-808,-522,-1330
-958,211,-747
-706,506,-200
-66,403,337
-885,272,-613
-438,923,485
-89,-852,-941
317,-189,128
283,388,671
-555,568,13
-723,370,-353
-208,324,116
231,-99,132
-849,707,-142
-951,-285,-1236
281,-624,-343
457,580,1037
339,-427,-88
-981,217,-764
931,-864,67
-843,237,-606
-315,-396,-711
-902,-880,-1782
-571,427,-144
-96,543,447
897,-600,297
-339,728,389
-589,-346,-935
-192,-5,-197
-286,-52,-338
-195,-997,-1192
-731,-947,-1678
236,423,659
970,-162,808
585,422,1007
237,-21,216
-175,389,214
-383,-361,-744
372,276,648
-666,-198,-864
-33,-575,-608
408,811,1219
-890,151,-739
628,95,723
-100,-911,-1011
505,148,653
330,462,792
875,-473,402
672,-492,180
-799,62,-737
80,848,928
851,678,1529
239,-640,-401
230,-821,-591
227,-831,-604
334,-361,-27
28,570,598
552,559,1111
-116,890,774
637,18,655
-980,940,-40
556,784,1340
-725,-718,-1443
-945,709,-236
776,-165,611
155,486,641
-813,548,-265
-262,-470,-732
63,394,457
-803,-511,-1314
481,-324,157
-158,855,697
-799,-353,-1152
-675,424,-251
211,-988,-777
44,-630,-586
147,-258,-111
736,-813,-77
-880,-709,-1589
435,135,570
-809,-310,-1119
-463,972,509
-762,148,-614
-897,619,-278
-877,-220,-1097
-418,-525,-943
226,431,657
336,-460,-124
606,363,969
-781,55,-726
165,-847,-682
-58,-430,-488
694,968,1662
-23,744,721
28,667,695
804,-233,571
-690,460,-230
-337,-607,-944
-834,-611,-1445
852,-774,78
572,947,1519
322,-578,-256
546,-915,-369
859,839,1698
-28,770,742
383,-424,-41
-795,-882,-1677
-352,-176,-528
626,-224,402
257,-962,-705
-767,742,-25
-636,68,-568
-200,-783,-983
926,589,1515
-308,-694,-1002
-489,-454,-943
-559,-41,-600
105,827,932
299,-551,-252
540,-969,-429
-542,-37,-579
730,-786,-56
681,533,1214
-572,945,373
547,-590,-43
354,426,780
-131,-603,-734
972,-911,61
-130,480,350
-9,974,965
665,414,1079
335,224,559
25,364,389
-481,901,420
979,-584,395
-336,297,-39
-523,-848,-1371
696,794,1490
988,735,1723
-326,-329,-655
-822,-728,-1550
-733,88,-645
12,655,667
852,-217,635
654,-969,-315
-917,623,-294
333,298,631
-539,310,-229
-821,294,-527
82,-16,66
25,-903,-878
577,581,1158
596,-601,-5
495,469,964
943,103,1046
692,232,924
-82,739,657
-610,-210,-820
-932,740,-192
-326,679,353
512,25,537
797,-396,401
782,208,990
-459,813,354
-314,-360,-674
-179,100,-79
154,286,440
-453,495,42
-233,-240,-473
-919,-485,-1404
300,-80,220
-905,852,-53
594,790,1384
705,-884,-179
745,417,1162
551,-819,-268
628,548,1176
-414,-522,-936
-247,560,313
67,364,431
459,972,1431
-516,46,-470
253,281,534
-637,-315,-952
-93,698,605
421,474,895
-46,-902,-948
697,-720,-23
-356,-1,-357
746,-78,668
270,-942,-672
47,509,556
-255,-71,-326
836,-969,-133
792,-864,-72
49,208,257
102,79,181
-960,577,-383
216,368,584
932,-528,404
576,911,1487
-106,-744,-850
137,-225,-88
-501,-68,-569
797,-242,555
522,827,1349
-438,43,-395
-600,-21,-621
71,756,827
263,687,950
-817,448,-369
-46,-634,-680
-131,665,534
636,902,1538
-159,-430,-589
524,729,1253
49,216,265
-864,-864,-1728
-902,309,-593
623,307,930
-708,-230,-938
-96,629,533
924,139,1063
-653,565,-88
410,415,825
-385,-275,-660
-132,540,408
-870,460,-410
516,893,1409
-14,-377,-391
682,-241,441
897,978,1875
309,-116,193
-768,527,-241
-812,-819,-1631
-294,200,-94
-570,-993,-1563
-140,867,727
491,746,1237
-8,-702,-710
-496,-199,-695
-889,-949,-1838
332,-644,-312
58,-521,-463
482,412,894
871,-881,-10
-936,697,-239
939,702,1641
699,-890,-191
673,-720,-47
-746,254,-492
-165,241,76
510,885,1395
624,410,1034
758,246,1004
58,-694,-636
-722,-743,-1465
310,-688,-378
-959,-925,-1884
-335,995,660
-661,223,-438
-289,-548,-837
-694,771,77
-888,833,-55
-583,-429,-1012
836,949,1785
-201,941,740
-326,600,274
508,-366,142
-874,916,42
-717,-202,-919
-229,137,-92
287,-208,79
640,252,892
346,-564,-218
732,420,1152
347,614,961
276,-880,-604
961,-93,868
155,-124,31
-144,435,291
-174,-250,-424
-98,-103,-201
123,763,886
-672,-828,-1500
862,-751,111
443,-971,-528
-352,642,290
-406,-643,-1049
675,-491,184
443,268,711
846,529,1375
289,342,631
721,-94,627
190,-133,57
-721,269,-452
-277,8,-269
-63,-967,-1030
131,-577,-446
-146,-248,-394
-203,737,534
476,-244,232
-886,-522,-1408
235,644,879
-762,-255,-1017
-235,684,449
224,-114,110
-612,-912,-1524
-791,-980,-1771
-994,644,-350
863,575,1438
-49,322,273
444,500,944
-263,-543,-806
-716,96,-620
-589,-55,-644
-53,-212,-265
453,521,974
474,-287,187
696,-524,172
969,242,1211
-923,-18,-941
654,253,907
497,-567,-70
-598,-599,-1197
482,-853,-371
-411,713,302
-527,782,255
-892,-970,-1862
-740,-44,-784
-436,319,-117
246,869,1115
-454,-503,-957
-712,-177,-889
579,362,941
-822,354,-468
172,88,260
456,-298,158
-972,-270,-1242
-156,768,612
-617,-619,-1236
357,458,815
-886,420,-466
-755,-508,-1263
-75,247,172
-644,301,-343
64,-254,-190
91,979,1070
-655,704,49
486,-926,-440
415,-952,-537
-493,-427,-920
-268,-401,-669
-352,-436,-788
-161,282,121
-563,428,-135
674,576,1250
886,-386,500
134,-799,-665
248,180,428
60,-859,-799
854,649,1503
637,532,1169
-652,-471,-1123
-273,736,463
221,144,365
-204,687,483
-652,-682,-1334
311,-705,-394
176,511,687
-588,-840,-1428
604,-79,525
186,895,1081
-79,-954,-1033
561,826,1387
-877,-562,-1439
643,-401,242
-345,-520,-865
-946,950,4
-614,578,-36
-211,753,542
-527,692,165
989,-687,302
301,711,1012
-856,600,-256
304,-743,-439
-813,-442,-1255
-167,276,109
-837,313,-524
-506,-850,-1356
177,349,526
-909,-887,-1796
432,-635,-203
75,289,364
708,-957,-249
-533,-973,-1506
262,396,658
-130,430,300
97,130,227
-570,-136,-706
987,357,1344
-974,-103,-1077
-767,821,54
77,804,881
-715,-967,-1682
-637,176,-461
535,-68,467
511,37,548
-626,-575,-1201
770,-500,270
537,782,1319
350,53,403
-767,192,-575
-351,-285,-636
-660,-679,-1339
682,519,1201
-421,-597,-1018
184,480,664
144,23,167
-50,-807,-857
-188,714,526
294,-685,-391
541,395,936
386,621,1007
864,571,1435
661,-123,538
251,-922,-671
-520,229,-291
-969,-764,-1733
650,-462,188
967,457,1424
-559,636,77
114,572,686
-381,-415,-796
986,-877,109
694,-943,-249
343,-745,-402
-225,128,-97
-713,-237,-950
-979,757,-222
895,-517,378
814,545,1359
973,-78,895
602,95,697
883,640,1523
913,-939,-26
228,-715,-487
759,719,1478
472,-53,419
87,22,109
-152,741,589
728,31,759
-481,915,434
202,257,459
-166,981,815
-108,-625,-733
-358,883,525
156,826,982
3,-234,-231
801,385,1186
-575,575,0
-683,197,-486
190,594,784
-766,160,-606
-968,913,-55
917,351,1268
277,-504,-227
485,-671,-186
-296,825,529
884,-537,347
505,801,1306
304,135,439
-812,-6,-818
232,-821,-589
-687,-268,-955
563,666,1229
-410,-646,-1056
-987,-530,-1517
151,-675,-524
200,-745,-545
409,-774,-365
381,-182,199
-991,-114,-1105
-361,-501,-862
-210,-245,-455
701,-417,284
-204,287,83
28,42,70
-612,-117,-729
-221,-664,-885
-882,-608,-1490
8,289,297
896,-939,-43
431,-984,-553
-302,164,-138
-557,-381,-938
147,-305,-158
-211,28,-183
-155,-338,-493
293,-369,-76
13,406,419
-311,731,420
795,-682,113
-861,32,-829
-47,343,296
-141,-381,-522
-439,743,304
994,970,1964
-668,-260,-928
-160,526,366
-655,765,110
-992,625,-367
-165,581,416
-961,66,-895
478,-814,-336
-996,-928,-1924
-466,-328,-794
413,190,603
408,-314,94
-36,435,399
131,-650,-519
-2,-589,-591
-376,445,69
598,209,807
-622,-379,-1001
401,440,841
124,-911,-787
-711,-497,-1208
161,-569,-408
811,-394,417
-905,38,-867
-218,-192,-410
-467,-312,-779
838,484,1322
993,138,1131
625,-134,491
-639,542,-97
-791,-674,-1465
-826,-894,-1720
309,914,1223
-889,-226,-1115
94,-353,-259
-507,-586,-1093
800,-932,-132
-215,773,558
-241,-5,-246
850,-75,775
-550,-489,-1039
-369,-823,-1192
249,987,1236
-814,649,-165
-336,488,152
-535,-942,-1477
-372,65,-307
-239,993,754
-78,-897,-975
252,-199,53
783,-739,44
23,-308,-285
-589,-445,-1034
-808,-565,-1373
-320,-321,-641
556,261,817
688,860,1548
229,-405,-176
228,-697,-469
-396,21,-375
103,-538,-435
-368,781,413
-578,418,-160
-725,832,107
784,468,1252
-199,79,-120
702,508,1210
-213,881,668
-526,454,-72
186,-556,-370
145,-996,-851
-544,-883,-1427
-207,876,669
-769,-414,-1183
-697,-53,-750
-684,826,142
-3,615,612
-686,527,-159
437,511,948
-428,-330,-758
-562,-765,-1327
-580,-782,-1362
-119,-593,-712
656,-902,-246
651,529,1180
623,453,1076
6,759,765
647,431,1078
903,358,1261
-703,938,235
-398,-176,-574
-660,-535,-1195
-994,755,-239
368,358,726
-544,744,200
247,-686,-439
-834,-629,-1463
711,-47,664
-756,-721,-1477
486,-345,141
460,-765,-305
947,496,1443
347,485,832
-627,-362,-989
729,-188,541
-693,948,255
380,489,869
-607,373,-234
-41,-806,-847
-36,-918,-954
-729,-299,-1028
-800,-246,-1046
-165,-34,-199
79,-398,-319
765,958,1723
213,-849,-636
-702,534,-168
-768,831,63
-822,-479,-1301
284,482,766
-555,662,107
413,710,1123
-904,715,-189
592,-86,506
-891,867,-24
544,212,756
-999,418,-581
-648,-833,-1481
503,-881,-378
674,572,1246
-310,-741,-1051
11,-817,-806
-65,-770,-835
-460,-394,-854
-359,-2,-361
-328,32,-296
-665,359,-306
-807,-21,-828
-24,-832,-856
133,106,239
-749,891,142
-576,983,407
651,-987,-336
189,128,317
-828,-39,-867
-96,-217,-313
-263,921,658
287,-661,-374
584,729,1313
572,-886,-314
616,785,1401
364,-969,-605
155,3,158
158,4,162
277,-868,-591
-628,714,86
-447,177,-270
520,876,1396
-10,965,955
-542,-433,-975
-908,637,-271
-462,236,-226
428,146,574
947,253,1200
-587,228,-359
-653,57,-596
-586,417,-169
-50,705,655
-52,840,788
-614,-165,-779
-837,717,-120
72,-570,-498
238,-817,-579
680,-58,622
-959,-946,-1905
29,-806,-777
-837,-961,-1798
620,-19,601
163,889,1052
660,-837,-177
798,-652,146
90,148,238
-48,-472,-520
-572,840,268
-854,878,24
-472,587,115
914,-830,84
451,592,1043
-837,173,-664
219,355,574
242,-337,-95
-47,400,353
151,-712,-561
-738,337,-401
-346,499,153
302,301,603
-113,661,548
790,12,802
811,-499,312
480,-599,-119
541,-949,-408
426,51,477
-339,491,152
-691,302,-389
922,-793,129
216,652,868
-624,172,-452
-100,463,363
-847,644,-203
-668,-513,-1181
985,85,1070
-651,119,-532
-560,-633,-1193
723,48,771
210,532,742
364,-869,-505
-535,-212,-747
917,613,1530
-754,-839,-1593
-424,-738,-1162
-954,861,-93
591,-508,83
-879,-783,-1662
-595,248,-347
871,827,1698
-927,896,-31
-903,-20,-923
-701,-618,-1319
935,411,1346
-929,-29,-958
-69,312,243
-405,-879,-1284
-604,527,-77
293,-861,-568
396,886,1282
823,-778,45
807,569,1376
-218,-955,-1173
638,476,1114
-955,753,-202
482,-574,-92
173,-725,-552
-917,894,-23
714,-50,664
47,-382,-335
432,-360,72
76,667,743
-345,136,-209
691,-522,169
-965,-962,-1927
426,-346,80
-921,90,-831
354,-528,-174
-890,394,-496
464,-475,-11
610,486,1096
925,546,1471
-718,439,-279
733,-644,89
-303,-927,-1230
962,-637,325
398,17,415
-327,450,123
353,658,1011
-258,379,121
788,-146,642
452,429,881
-190,984,794
217,616,833
804,109,913
883,621,1504
-937,-698,-1635
-804,-930,-1734
-405,171,-234
-778,-274,-1052
49,699,748
561,745,1306
-555,251,-304
-483,-287,-770
-951,-380,-1331
344,-219,125
683,-660,23
-47,-81,-128
-736,-825,-1561
789,-299,490
-131,414,283
-635,-38,-673
215,-286,-71
474,-667,-193
679,-376,303
70,-129,-59
463,-532,-69
170,690,860
951,-185,766
-99,672,573
65,-668,-603
393,-59,334
216,480,696
-484,-625,-1109
244,897,1141
-515,-36,-551
524,-708,-184
-14,-64,-78
-789,821,32
295,922,1217
-303,771,468
-606,148,-458
-950,-109,-1059
-119,-980,-1099
-172,-477,-649
-985,-100,-1085
-711,181,-530
496,446,942
-358,620,262
1000,207,1207
-283,-120,-403
-297,131,-166
-545,744,199
53,403,456
-159,-364,-523
-503,925,422
743,-774,-31
-315,-729,-1044
304,-216,88
-428,-194,-622
554,235,789
527,-576,-49
-914,-237,-1151
-479,-113,-592
996,-567,429
-205,-829,-1034
823,-366,457
-475,-458,-933
498,-187,311
353,-835,-482
-689,839,150
-165,-178,-343
625,836,1461
-870,238,-632
-694,-13,-707
375,-394,-19
190,-88,102
684,605,1289
1,-152,-151
-275,-79,-354
-567,-154,-721
615,-156,459
-297,-331,-628
412,-303,109
-395,999,604
27,193,220
87,-136,-49
608,271,879
736,111,847
-950,686,-264
-64,611,547
235,-823,-588
412,679,1091
391,621,1012
-806,26,-780
-876,-505,-1381
665,897,1562
84,294,378
-828,2,-826
341,577,918
-86,878,792
-986,577,-409
322,221,543
325,514,839
-613,142,-471
684,389,1073
355,-350,5
-666,508,-158
-262,397,135
51,400,451
-297,-371,-668
212,205,417
-970,-311,-1281
-823,409,-414
456,428,884
743,-477,266
-949,913,-36
-302,315,13
958,262,1220
-638,-877,-1515
121,-514,-393
828,-87,741
47,-283,-236
612,645,1257
955,-950,5
487,900,1387
-984,674,-310
-722,-647,-1369
397,891,1288
-649,-431,-1080
516,765,1281
605,-4,601
485,614,1099
-717,-708,-1425
-787,618,-169
-662,549,-113
-668,-202,-870
-182,-939,-1121
403,703,1106
500,-548,-48
557,-331,226
376,229,605
-134,339,205
-725,188,-537
-236,776,540
112,58,170
-601,-460,-1061
-103,-373,-476
442,123,565
-733,-772,-1505
292,-478,-186
894,-433,461
-524,-683,-1207
-808,235,-573
764,86,850
842,-299,543
421,615,1036
-129,-721,-850
27,52,79
865,-917,-52
93,-7,86
-682,805,123
809,110,919
-517,492,-25
-704,916,212
274,-180,94
610,-863,-253
-954,-126,-1080
908,-199,709
204,-105,99
-794,842,48
244,-554,-310
-769,-6,-775
-362,-3,-365
-498,789,291
774,742,1516
738,-754,-16
396,-768,-372
-905,312,-593
-341,-26,-367
-548,-585,-1133
46,455,501
17,-460,-443
253,-326,-73
-881,752,-129
-862,-848,-1710
176,748,924
-373,973,600
-236,-45,-281
-595,905,310
-936,-414,-1350
974,-765,209
248,868,1116
-81,-991,-1072
-115,-440,-555
-949,-72,-1021
219,28,247
630,2,632
-673,390,-283
874,943,1817
-477,965,488
228,-571,-343
60,-952,-892
606,428,1034
-451,-96,-547
554,819,1373
-50,-107,-157
-219,-277,-496
252,-817,-565
-386,-146,-532
-809,188,-621
348,617,965
-839,-540,-1379
-55,-651,-706
192,568,760
167,-146,21
-742,892,150
176,-338,-162
147,-691,-544
181,743,924
945,569,1514
-666,674,8
-934,198,-736
-740,-252,-992
150,3,153
617,-547,70
30,729,759
738,51,789
259,-300,-41
177,-168,9
-833,-898,-1731
208,237,445
-952,554,-398
854,441,1295
-148,-392,-540
533,-257,276
-624,826,202
-604,-830,-1434
629,-429,200
974,-240,734
454,-504,-50
-263,-83,-346
-775,11,-764
128,-545,-417
-432,566,134
236,595,831
-947,965,18
-265,278,13
427,-556,-129
-13,-244,-257
-273,841,568
807,-935,-128
591,344,935
747,-527,220
-102,413,311
456,937,1393
-232,639,407
-576,137,-439
-996,-603,-1599
-345,363,18
438,192,630
-230,-484,-714
-745,336,-409
827,-632,195
-904,484,-420
-524,-198,-722
-986,436,-550
112,700,812
-267,-507,-774
-713,929,216
479,317,796
-955,830,-125
-700,128,-572
500,62,562
693,260,953
126,-218,-92
-570,990,420
814,806,1620
-253,168,-85
-398,-105,-503
252,-235,17
30,-39,-9
-376,150,-226
-381,760,379
-103,-318,-421
-933,780,-153
-991,-40,-1031
851,454,1305
-126,805,679
-716,522,-194
-164,-487,-651
426,-93,333
564,237,801
-737,751,14
-744,495,-249
808,178,986
-833,111,-722
-476,-591,-1067
-123,580,457
-968,745,-223
-378,-990,-1368
-83,-813,-896
693,263,956
-246,990,744
199,608,807
660,-55,605
-486,595,109
269,45,314
-480,663,183
922,-677,245
782,368,1150
-723,757,34
-815,191,-624
86,537,623
-405,-636,-1041
-729,-295,-1024
-158,-788,-946
-256,-777,-1033
-618,314,-304
165,-762,-597
195,-990,-795
-206,531,325
372,685,1057
199,-713,-514
281,-520,-239
-754,103,-651
377,551,928
310,-469,-159
-337,-631,-968
-33,645,612
158,178,336
423,305,728
105,-444,-339
991,472,1463
-338,830,492
66,-467,-401
-82,369,287
-636,502,-134
929,759,1688
830,-790,40
888,535,1423
127,-757,-630
168,-494,-326
504,-833,-329
712,-825,-113
965,962,1927
298,389,687
911,-600,311
-212,-810,-1022
-761,945,184
730,-749,-19
887,938,1825
631,-781,-150
372,679,1051
741,996,1737
-93,-776,-869
600,209,809
-784,-571,-1355
663,-613,50
-462,257,-205
852,-625,227
337,469,806
-863,960,97
-236,-868,-1104
-126,559,433
726,-865,-139
4,715,719
528,-287,241
-711,20,-691
224,-548,-324
-487,451,-36
915,27,942
330,-888,-558
-516,591,75
-220,407,187
705,-192,513
-910,-342,-1252
336,-306,30
410,327,737
-492,596,104
-904,965,61
-453,-213,-666
-653,-853,-1506
-985,-772,-1757
168,-773,-605
-653,433,-220
-472,-29,-501
124,-751,-627
504,7,511
-83,-386,-469
-23,-558,-581
531,-219,312
-10,-956,-966
893,-23,870
-800,896,96
-346,-564,-910
559,452,1011
-548,-715,-1263
461,570,1031
-448,-239,-687
537,-266,271
-213,500,287
923,-182,741
-29,495,466
-541,970,429
12,-870,-858
-892,-14,-906
844,-356,488
-865,110,-755
-79,225,146
-113,456,343
-645,1,-644
3,821,824
664,701,1365
665,-538,127
940,840,1780
983,27,1010
81,588,669
881,-942,-61
-223,737,514
273,-658,-385
-791,-354,-1145
-942,661,-281
-78,146,68
-916,-227,-1143
429,389,818
-248,913,665
750,-167,583
-745,-180,-925
473,-675,-202
396,-68,328
950,-284,666
159,-914,-755
505,939,1444
340,934,1274
-325,-897,-1222
640,-277,363
-807,172,-635
145,-970,-825
357,-106,251
-66,299,233
-810,-958,-1768
82,-733,-651
-482,-675,-1157
-304,-662,-966
-163,640,477
-799,746,-53
280,512,792
997,752,1749
75,92,167
-581,-646,-1227
951,-474,477
203,-189,14
69,-133,-64
627,-172,455
-506,-147,-653
-57,-391,-448
-182,-444,-626
40,918,958
29,571,600
571,896,1467
475,353,828
127,-916,-789
403,511,914
603,668,1271
150,680,830
-657,86,-571
352,-230,122
-875,691,-184
-67,-689,-756
673,589,1262
-174,460,286
-428,922,494
-711,246,-465
151,-873,-722
-517,-198,-715
-280,623,343
-736,-153,-889
-768,10,-758
133,640,773
-32,-912,-944
560,227,787
792,463,1255
941,52,993
-929,375,-554
705,268,973
-44,-425,-469
-687,416,-271
-860,-507,-1367
-335,866,531
107,-772,-665
-50,-309,-359
-343,105,-238
-527,-881,-1408
-233,45,-188
-528,626,98
-363,335,-28
-356,-411,-767
-557,289,-268
550,-136,414
149,-290,-141
594,-257,337
-183,-893,-1076
-35,284,249
888,771,1659
-25,816,791
-989,-890,-1879
-738,-55,-793
-464,920,456
-820,510,-310
-586,200,-386
477,156,633
929,857,1786
632,82,714
-268,-670,-938
927,-375,552
785,-428,357
220,-413,-193
646,-278,368
584,-539,45
-237,726,489
194,-932,-738
130,-876,-746
-935,-181,-1116
689,610,1299
626,-659,-33
-56,-217,-273
-639,-236,-875
-303,-968,-1271
451,484,935
617,-99,518
711,604,1315
-708,216,-492
-402,500,98
-185,-371,-556
884,348,1232
-733,-48,-781
605,-215,390
-921,-494,-1415
-647,25,-622
-419,561,142
-167,-570,-737
558,379,937
-107,640,533
137,-277,-140
230,-311,-81
119,-89,30
-80,623,543
611,821,1432
-758,323,-435
-409,939,530
-950,654,-296
321,-916,-595
-755,123,-632
-296,-765,-1061
-777,262,-515
496,-771,-275
734,58,792
516,-503,13
377,40,417
27,-879,-852
64,848,912
-993,282,-711
-342,-810,-1152
-330,-220,-550
547,-473,74
223,-995,-772
-357,-577,-934
-725,-738,-1463
-949,555,-394
96,-601,-505
129,-820,-691
703,-551,152
89,-131,-42
-298,480,182
785,-187,598
-807,-839,-1646
334,-233,101
906,-936,-30
93,-315,-222
-96,399,303
697,-508,189
-901,-666,-1567
-713,664,-49
246,163,409
269,367,636
-647,870,223
756,776,1532
-736,-597,-1333
-160,179,19
319,178,497
-521,347,-174
977,-768,209
-383,180,-203
39,-305,-266
966,596,1562
-478,-692,-1170
568,-514,54
767,-45,722
-154,735,581
-499,-833,-1332
529,-336,193
-585,-903,-1488
867,-563,304
220,423,643
-266,578,312
417,-5,412
513,664,1177
656,258,914
-855,263,-592
-498,299,-199
991,-332,659
-230,978,748
-114,-759,-873
-973,293,-680
515,-176,339
-4,774,770
249,-23,226
-820,585,-235
923,109,1032
-890,911,21
-747,-420,-1167
175,-889,-714
825,372,1197
-541,-743,-1284
934,441,1375
206,659,865
656,-212,444
297,854,1151
-823,928,105
-407,-9,-416
-305,714,409
627,-95,532
-60,-373,-433
-77,159,82
979,-594,385
-402,436,34
-768,799,31
183,-220,-37
807,-569,238
287,-907,-620
464,830,1294
277,-480,-203
603,522,1125
376,958,1334
704,172,876
918,-462,456
-633,398,-235
244,769,1013
-95,-145,-240
622,-271,351
869,-254,615
-220,-582,-802
314,-849,-535
-389,-996,-1385
-750,-817,-1567
-99,991,892
65,708,773
75,-660,-585
751,442,1193
-809,-758,-1567
75,-795,-720
956,-474,482
452,96,548
-838,992,154
-785,261,-524
-323,-636,-959
-257,-369,-626
-82,607,525
806,-299,507
-317,-24,-341
-376,360,-16
142,872,1014
-489,-235,-724
494,-951,-457
-622,-621,-1243
326,-455,-129
490,-866,-376
612,-787,-175
658,497,1155
-558,-93,-651
-94,-215,-309
587,46,633
995,240,1235
-435,420,-15
11,943,954
-419,607,188
322,-40,282
-271,-647,-918
147,-252,-105
775,-794,-19
-812,447,-365
761,212,973
228,-935,-707
-164,-74,-238
-692,-182,-874
-831,353,-478
-407,-134,-541
-774,206,-568
266,-746,-480
677,-609,68
-155,238,83
283,854,1137
34,-625,-591
-730,-993,-1723
-789,-497,-1286
-569,186,-383
-942,-970,-1912
177,914,1091
-173,638,465
926,-518,408
-525,757,232
-33,789,756
-461,664,203
355,798,1153
761,-781,-20
275,-432,-157
-128,-959,-1087
562,824,1386
-192,430,238
461,744,1205
-80,-279,-359
628,826,1454
-341,-184,-525
-362,656,294
72,-585,-513
-466,-798,-1264
-539,644,105
338,-43,295
126,741,867
129,-171,-42
784,-351,433
-696,-672,-1368
-310,890,580
193,884,1077
-642,485,-157
691,640,1331
957,-488,469
946,-651,295
-354,-3,-357
143,23,166
318,452,770
801,936,1737
700,-355,345
-691,-158,-849
-791,135,-656
-365,696,331
-255,-694,-949
877,-736,141
-214,329,115
484,-489,-5
650,-88,562
1,248,249
-352,246,-106
425,47,472
317,-182,135
-793,900,107
-508,328,-180
-665,281,-384
-108,515,407
920,240,1160
808,325,1133
-876,121,-755
350,678,1028
996,-21,975
-514,-528,-1042
-807,487,-320
-465,-647,-1112
572,634,1206
917,291,1208
-197,-430,-627
-714,-115,-829
183,643,826
304,-601,-297
-894,-613,-1507
-814,-663,-1477
-984,-767,-1751
-844,73,-771
-296,-854,-1150
-752,-877,-1629
-358,524,166
-392,227,-165
682,411,1093
253,-892,-639
477,457,934
-37,-71,-108
-357,646,289
-911,49,-862
-968,879,-89
-120,929,809
562,640,1202
719,-458,261
842,-810,32
452,540,992
666,251,917
211,55,266
-680,600,-80
-366,-456,-822
641,408,1049
751,462,1213
956,-43,913
186,-65,121
-617,-648,-1265
984,760,1744
-40,-627,-667
-125,10,-115
-115,570,455
416,678,1094
-743,-984,-1727
765,-506,259
661,395,1056
228,422,650
-856,178,-678
-527,402,-125
814,-474,340
632,-826,-194
159,4,163
474,781,1255
510,-657,-147
-722,838,116
774,299,1073
-103,492,389
394,-379,15
470,-968,-498
-968,-54,-1022
-795,132,-663
-342,382,40
-411,626,215
-223,74,-149
794,339,1133
210,593,803
196,309,505
-620,-509,-1129
-386,407,21
970,-278,692
989,-399,590
-552,909,357
680,726,1406
-683,-942,-1625
-737,-998,-1735
-433,-965,-1398
344,471,815
944,-454,490
-176,-165,-341
-798,977,179
692,425,1117
-538,-65,-603
-247,-713,-960
-775,-83,-858
665,-888,-223
879,-558,321
428,-648,-220
-80,-490,-570
-130,836,706
284,-438,-154
427,-613,-186
534,-880,-346
-617,222,-395
787,527,1314
-311,120,-191
948,-437,511
-178,281,103
-239,-675,-914
-442,-309,-751
303,370,673
-269,-253,-522
-244,-150,-394
879,677,1556
167,696,863
-974,-52,-1026
929,-277,652
-307,642,335
165,-722,-557
-343,-37,-380
687,-78,609
103,247,350
-1000,123,-877
-365,-694,-1059
200,376,576
782,478,1260
400,-19,381
-976,507,-469
785,499,1284
823,-776,47
341,-87,254
740,-320,420
-316,198,-118
875,728,1603
428,748,1176
37,576,613
865,-304,561
103,400,503
-666,980,314
-328,-984,-1312
286,388,674
155,850,1005
443,-17,426
-572,119,-453
226,1,227
-488,-636,-1124
556,912,1468
186,838,1024
236,-378,-142
-636,-944,-1580
-414,-112,-526
-810,-221,-1031
849,-534,315
-340,62,-278
922,742,1664
990,784,1774
880,-362,518
757,386,1143
-555,-103,-658
162,-241,-79
-308,281,-27
752,309,1061
-203,-289,-492
894,757,1651
-539,-838,-1377
-483,759,276
-449,-134,-583
955,-922,33
-777,896,119
111,-982,-871
221,-879,-658
756,-50,706
-654,-580,-1234
-936,-741,-1677
681,529,1210
664,-316,348
-59,-619,-678
745,670,1415
-315,818,503
48,-537,-489
-895,-450,-1345
115,-588,-473
2,342,344
-277,434,157
-320,-182,-502
-817,244,-573
-327,512,185
312,696,1008
-297,910,613
807,155,962
-90,745,655
-681,-212,-893
280,8,288
-829,578,-251
459,345,804
-552,-498,-1050
150,830,980
-914,80,-834
112,509,621
712,-904,-192
815,-431,384
94,-879,-785
-490,-58,-548
464,757,1221
438,-831,-393
111,-288,-177
447,-317,130
548,-526,22
-435,-982,-1417
-540,983,443
535,785,1320
-538,-925,-1463
259,842,1101
364,194,558
-312,-208,-520
-867,-882,-1749
368,106,474
-706,-676,-1382
717,-699,18
986,441,1427
-853,94,-759
523,-309,214
59,588,647
246,577,823
29,90,119
-944,78,-866
-965,-711,-1676
-909,35,-874
685,-489,196
-264,249,-15
-532,408,-124
726,276,1002
58,-93,-35
769,-902,-133
-3,-497,-500
-239,801,562
550,419,969
169,980,1149
753,-474,279
940,970,1910
772,-708,64
-985,816,-169
447,314,761
-7,529,522
-933,-367,-1300
756,503,1259
-377,-305,-682
247,136,383
587,568,1155
99,-859,-760
123,810,933
405,994,1399
237,-535,-298
70,-672,-602
226,-124,102
-274,675,401
874,131,1005
-607,-618,-1225
-250,-703,-953
-254,725,471
-809,434,-375
-296,-946,-1242
-34,200,166
-446,-497,-943
-679,-753,-1432
316,-551,-235
-13,-166,-179
-708,927,219
-67,197,130
138,102,240
521,90,611
-782,-435,-1217
577,3,580
458,-938,-480
-220,636,416
-543,550,7
215,670,885
722,577,1299
927,-319,608
-810,-82,-892
-558,-877,-1435
302,831,1133
-929,75,-854
-793,-309,-1102
132,405,537
-282,804,522
147,-835,-688
743,129,872
-608,-574,-1182
999,443,1442
912,-842,70
10,-619,-609
-337,-172,-509
-79,-969,-1048
532,841,1373
-493,49,-444
-422,-122,-544
756,-870,-114
272,817,1089
294,-246,48
213,377,590
-401,401,0
-746,128,-618
-916,539,-377
862,-845,17
-408,697,289
898,-668,230
-989,-289,-1278
727,476,1203
-310,-817,-1127
-956,-103,-1059
110,-67,43
859,974,1833
-876,-279,-1155
53,472,525
-746,-292,-1038
-455,-953,-1408
965,-262,703
274,-180,94
-378,-421,-799
795,738,1533
-61,-972,-1033
14,827,841
-844,-497,-1341
-431,447,16
-8,310,302
-149,351,202
459,-143,316
470,-101,369
-886,-252,-1138
635,-928,-293
322,-922,-600
706,-628,78
-484,673,189
-787,-325,-1112
-607,613,6
69,720,789
40,718,758
-845,-677,-1522
-565,654,89
-955,-221,-1176
324,71,395
-825,422,-403
-259,-870,-1129
-521,-174,-695
453,-416,37
850,567,1417
61,-267,-206
-117,18,-99
-809,303,-506
434,-258,176
261,-583,-322
-946,557,-389
-607,-232,-839
-824,760,-64
95,-461,-366
-484,311,-173
-84,615,531
82,-245,-163
250,2,252
-613,747,134
-185,806,621
24,603,627
242,333,575
-888,-593,-1481
-36,-69,-105
-794,-534,-1328
312,939,1251
-699,-850,-1549
-808,-705,-1513
413,-872,-459
236,809,1045
-328,821,493
352,-50,302
-655,366,-289
-957,-364,-1321
-303,-376,-679
-979,-836,-1815
-859,155,-704
35,489,524
77,698,775
-684,-85,-769
-379,331,-48
-913,344,-569
-891,991,100
38,-492,-454
650,-686,-36
742,-506,236
-133,-488,-621
-939,208,-731
-976,-350,-1326
-590,204,-386
914,337,1251
-980,-355,-1335
-664,-691,-1355
-202,153,-49
55,-259,-204
-81,-925,-1006
-581,-955,-1536
-858,-268,-1126
-567,746,179
-695,-408,-1103
-965,-555,-1520
618,722,1340
-111,-585,-696
-200,-99,-299
333,473,806
-373,-526,-899
615,-937,-322
133,81,214
439,297,736
376,-746,-370
-979,645,-334
-626,-10,-636
423,481,904
-472,870,398
-508,-163,-671
-313,699,386
639,-681,-42
-281,-844,-1125
-63,-377,-440
920,392,1312
-960,28,-932
525,-522,3
-11,-222,-233
-601,-208,-809
0,-939,-939
468,641,1109
-408,-971,-1379
-300,-140,-440
154,236,390
677,301,978
-270,884,614
652,382,1034
-261,-861,-1122
-364,63,-301
-348,348,0
-344,768,424
191,699,890
414,-381,33
985,-200,785
-781,-846,-1627
-592,875,283
487,504,991
208,-223,-15
-96,-503,-599
-943,-614,-1557
726,791,1517
462,784,1246
-284,-536,-820
-158,-731,-889
-800,743,-57
-786,-30,-816
-360,721,361
-512,656,144
235,427,662
-397,382,-15
-523,-99,-622
-364,-289,-653
-584,-129,-713
643,-566,77
-626,-52,-678
821,-214,607
922,-615,307
-763,761,-2
264,-383,-119
20,602,622
919,342,1261
-936,372,-564
395,133,528
-889,181,-708
-30,-255,-285
-692,-230,-922
-499,323,-176
512,-122,390
530,-489,41
-66,-679,-745
-774,273,-501
507,-725,-218
665,637,1302
-740,493,-247
66,824,890
-961,-764,-1725
-493,592,99
-844,-823,-1667
-178,-711,-889
-508,179,-329
666,-638,28
-904,-309,-1213
-732,295,-437
68,768,836
122,674,796
-781,396,-385
924,31,955
632,843,1475
574,989,1563
18,352,370
-543,-679,-1222
-563,607,44
-395,318,-77
245,-803,-558
586,-542,44
-640,664,24
-698,276,-422
-246,-794,-1040
443,429,872
202,308,510
438,-877,-439
-611,-160,-771
470,398,868
191,-116,75
-533,367,-166
33,-647,-614
-30,521,491
-550,-630,-1180
166,-352,-186
498,-134,364
327,-628,-301
-298,983,685
220,-193,27
-766,-375,-1141
-187,936,749
-99,-347,-446
928,-248,680
-604,-464,-1068
308,809,1117
-818,609,-209
479,679,1158
282,-297,-15
-21,-303,-324
549,-247,302
-152,504,352
-419,853,434
34,-528,-494
-455,-276,-731
-118,-990,-1108
889,255,1144
427,-861,-434
-376,375,-1
243,-343,-100
-801,209,-592
-460,680,220
-355,377,22
398,972,1370
48,-568,-520
-141,-545,-686
288,537,825
-941,-973,-1914
-911,367,-544
-238,-105,-343
-66,296,230
-221,738,517
210,711,921
-79,-647,-726
-32,-491,-523
-198,-675,-873
353,-166,187
505,-285,220
446,-602,-156
-733,251,-482
-141,-628,-769
-262,347,85
-373,777,404
485,-664,-179
-293,-788,-1081
-267,639,372
-408,-319,-727
-413,-457,-870
-82,686,604
-356,-105,-461
-776,-656,-1432
-718,-882,-1600
194,514,708
85,-797,-712
-565,-663,-1228
582,24,606
168,-88,80
-439,-936,-1375
622,372,994
622,-809,-187
-755,-544,-1299
-700,91,-609
913,-884,29
-121,-581,-702
174,-36,138
-276,-677,-953
-929,17,-912
-299,976,677
-875,1,-874
889,-899,-10
608,-824,-216
2,511,513
36,589,625
-323,-250,-573
-655,785,130
617,-509,108
-680,200,-480
-499,504,5
-857,-76,-933
815,107,922
-456,261,-195
79,627,706
-419,358,-61
856,60,916
-92,-330,-422
609,-367,242
-345,659,314
-983,-499,-1482
713,-508,205
-220,-112,-332
706,870,1576
-868,-916,-1784
-270,-360,-630
-876,-640,-1516
-959,470,-489
-370,637,267
110,491,601
-393,-103,-496
-946,-758,-1704
-592,867,275
-318,380,62
756,-464,292
-612,319,-293
484,-872,-388
-732,-763,-1495
402,-647,-245
-592,-13,-605
-507,393,-114
519,-507,12
-233,-153,-386
799,-973,-174
184,708,892
-687,-228,-915
332,640,972
738,540,1278
603,-148,455
29,567,596
89,278,367
-138,-787,-925
-826,514,-312
390,-469,-79
201,874,1075
-261,259,-2
906,-967,-61
-652,-296,-948
-858,-92,-950
-746,577,-169
-294,-654,-948
263,242,505
638,722,1360
-477,-950,-1427
28,-830,-802
129,-557,-428
492,241,733
53,807,860
-360,163,-197
983,40,1023
-360,359,-1
-728,2,-726
300,2,302
305,701,1006
529,-515,14
536,-570,-34
167,-548,-381
288,889,1177
-784,893,109
32,156,188
405,-217,188
-525,-204,-729
651,-829,-178
-716,807,91
-144,351,207
-86,-607,-693
206,-905,-699
-506,145,-361
806,882,1688
-977,-938,-1915
645,-636,9
799,425,1224
844,-933,-89
235,588,823
270,876,1146
509,-734,-225
-6,483,477
565,-353,212
-605,73,-532
951,-809,142
743,156,899
125,114,239
545,-101,444
840,-492,348
775,783,1558
884,34,918
934,477,1411
-630,-713,-1343
-762,-985,-1747
899,-943,-44
-377,11,-366
328,316,644
-805,-328,-1133
-910,-603,-1513
-595,912,317
797,-465,332
193,512,705
-137,556,419
-361,-266,-627
-733,160,-573
517,411,928
-895,-378,-1273
334,-710,-376
-894,849,-45
-725,64,-661
141,-376,-235
895,-603,292
859,-152,707
-961,803,-158
-120,-867,-987
-855,-36,-891
-120,-595,-715
-566,238,-328
725,281,1006
926,791,1717
-941,962,21
168,94,262
-539,-743,-1282
-935,19,-916
-906,997,91
342,-601,-259
800,-737,63
878,132,1010
-794,216,-578
-44,-272,-316
-918,-145,-1063
-794,344,-450
159,-589,-430
529,103,632
498,793,1291
99,-632,-533
744,310,1054
-529,-867,-1396
125,-842,-717
-282,-918,-1200
-293,-381,-674
-517,-686,-1203
-499,-201,-700
-878,468,-410
93,-109,-16
-113,195,82
-548,964,416
748,-754,-6
-670,-160,-830
-68,595,527
985,-95,890
-780,-870,-1650
-147,-129,-276
167,117,284
-150,-245,-395
929,454,1383
347,-876,-529
862,577,1439
448,169,617
-520,817,297
-76,768,692
-806,-497,-1303
-991,-619,-1610
-117,-424,-541
-718,765,47
781,996,1777
-158,142,-16
-84,208,124
93,864,957
648,1,649
473,-110,363
-704,-992,-1696
459,677,1136
-482,-715,-1197
114,-849,-735
348,-177,171
51,-897,-846
811,639,1450
-269,-305,-574
999,-612,387
-768,-471,-1239
744,-748,-4
474,895,1369
835,-683,152
251,-994,-743
684,640,1324
-961,726,-235
-888,-824,-1712
190,585,775
-209,312,103
147,447,594
-312,-293,-605
29,388,417
-717,870,153
801,527,1328
-597,-815,-1412
710,163,873
-952,-645,-1597
636,-60,576
-696,577,-119
807,-268,539
-19,18,-1
136,-690,-554
94,350,444
767,935,1702
975,971,1946
951,-320,631
856,57,913
326,-134,192
43,-988,-945
844,-8,836
-396,752,356
599,599,1198
-690,603,-87
441,548,989
996,616,1612
-466,757,291
520,-137,383
502,-804,-302
-446,628,182
604,-419,185
-145,245,100
930,-694,236
-566,825,259
-218,902,684
258,-178,80
222,441,663
803,-175,628
-625,-235,-860
241,193,434
-859,-927,-1786
-661,-891,-1552
-109,-15,-124
630,-572,58
-85,287,202
-966,-350,-1316
-497,406,-91
60,808,868
-365,-660,-1025
498,501,999
-375,748,373
-516,-990,-1506
-367,-333,-700
570,594,1164
-958,-256,-1214
-170,-670,-840
-511,-643,-1154
-515,765,250
-104,0,-104
726,-85,641
-366,-939,-1305
-429,340,-89
94,-778,-684
481,681,1162
-856,198,-658
544,-619,-75
236,-359,-123
-150,226,76
-87,303,216
-843,199,-644
-849,-554,-1403
186,274,460
802,-64,738
491,-845,-354
704,853,1557
574,961,1535
401,-78,323
-640,-503,-1143
246,-806,-560
98,-433,-335
73,459,532
-624,-950,-1574
358,884,1242
-485,-366,-851
439,-477,-38
346,741,1087
-933,-56,-989
-523,652,129
-891,-418,-1309
-446,922,476
148,-437,-289
264,-198,66
73,616,689
-626,429,-197
40,-439,-399
-980,-837,-1817
-851,351,-500
928,-150,778
-931,734,-197
712,-316,396
-201,-370,-571
-377,-809,-1186
720,-260,460
202,-683,-481
996,581,1577
-720,574,-146
362,650,1012
-83,-748,-831
-685,729,44
948,846,1794
24,-604,-580
380,714,1094
-760,27,-733
-609,-676,-1285
-671,-211,-882
193,-905,-712
498,578,1076
-698,-983,-1681
-866,-397,-1263
-226,-529,-755
663,184,847
354,-223,131
104,333,437
-243,-233,-476
-698,-57,-755
395,648,1043
-796,148,-648
-302,915,613
925,-681,244
382,-333,49
330,-781,-451
85,237,322
-470,442,-28
-516,420,-96
-173,-975,-1148
-484,-315,-799
927,892,1819
-775,-171,-946
-887,-966,-1853
41,-444,-403
-155,862,707
-349,-610,-959
-313,-81,-394
430,449,879
-620,-890,-1510
690,-509,181
-669,-816,-1485
883,-401,482
853,445,1298
-145,-842,-987
472,136,608
-877,-270,-1147
-885,-526,-1411
-377,-413,-790
-768,361,-407
487,-285,202
-569,-320,-889
-359,-104,-463
-610,-605,-1215
-446,-849,-1295
-66,896,830
931,243,1174
-810,432,-378
947,920,1867
-646,6,-640
-6,915,909
956,893,1849
988,-965,23
-478,-948,-1426
313,251,564
541,385,926
174,-734,-560
-634,530,-104
-455,-502,-957
224,-310,-86
-106,-90,-196
789,-976,-187
-824,-188,-1012
138,-954,-816
-775,233,-542
-653,-335,-988
540,-560,-20
90,-564,-474
-392,52,-340
-829,721,-108
337,491,828
691,659,1350
20,968,988
-353,338,-15
110,-850,-740
-938,765,-173
-236,-702,-938
739,273,1012
945,340,1285
-471,-204,-675
-72,333,261
-671,-537,-1208
464,-146,318
341,750,1091
438,-127,311
413,737,1150
363,-528,-165
-523,-513,-1036
982,-400,582
171,-94,77
30,-120,-90
518,-487,31
45,102,147
-514,-866,-1380
864,-470,394
305,-403,-98
-736,-454,-1190
-404,148,-256
921,766,1687
-104,518,414
-310,371,61
273,912,1185
387,-483,-96
-96,521,425
-189,288,99
848,206,1054
-605,-120,-725
56,515,571
-780,280,-500
-508,-827,-1335
707,302,1009
-990,-832,-1822
544,991,1535
112,522,634
-973,-766,-1739
47,244,291
415,726,1141
604,-74,530
585,-801,-216
-666,402,-264
-280,-683,-963
-658,-662,-1320
-564,414,-150
-746,-903,-1649
-606,-37,-643
-143,480,337
-129,254,125
93,-977,-884
-880,-607,-1487
206,630,836
975,-744,231
-149,-870,-1019
574,252,826
121,-837,-716
532,129,661
283,165,448
-314,-838,-1152
-160,691,531
-654,594,-60
771,-23,748
-163,517,354
815,988,1803
-906,-983,-1889
297,-587,-290
920,391,1311
-816,-467,-1283
729,784,1513
-538,-360,-898
-807,-329,-1136
-694,-993,-1687
769,-359,410
887,-422,465
-201,-735,-936
351,898,1249
-31,-884,-915
-815,-162,-977
-299,803,504
743,735,1478
-640,450,-190
-603,176,-427
857,-191,666
-448,889,441
-281,-517,-798
-498,-562,-1060
820,357,1177
-178,-252,-430
-839,367,-472
-691,801,110
-346,-55,-401
463,561,1024
976,-33,943
387,902,1289
-556,-165,-721
-741,-939,-1680
-877,921,44
219,-552,-333
953,-952,1
-733,-26,-759
-600,836,236
502,-540,-38
239,336,575
-785,-486,-1271
-997,108,-889
201,610,811
225,201,426
-743,-541,-1284
21,-703,-682
227,-175,52
869,-108,761
575,939,1514
-615,-753,-1368
635,-864,-229
319,-716,-397
-185,-646,-831
450,-692,-242
-79,-236,-315
641,-165,476
-733,-24,-757
-200,-305,-505
-352,844,492
-421,-267,-688
-207,512,305
-95,283,188
-591,-468,-1059
234,-212,22
866,-748,118
210,917,1127
639,-744,-105
-7,-619,-626
-583,421,-162
-812,914,102
-668,597,-71
355,32,387
246,-380,-134
-116,44,-72
-951,761,-190
-896,477,-419
-917,385,-532
338,559,897
-18,546,528
-934,-597,-1531
59,-836,-777
94,113,207
-578,-687,-1265
-983,-525,-1508
-981,609,-372
608,-196,412
123,-406,-283
-29,-383,-412
369,261,630
-811,-357,-1168
-244,-570,-814
465,857,1322
-177,-413,-590
415,-167,248
-570,927,357
-687,10,-677
-299,-200,-499
673,228,901
-704,-937,-1641
884,673,1557
14,260,274
338,972,1310
-682,595,-87
-156,122,-34
30,-292,-262
944,210,1154
-700,-503,-1203
-706,536,-170
-848,-160,-1008
993,701,1694
-927,-135,-1062
656,-556,100
605,253,858
643,438,1081
495,-459,36
285,318,603
977,-664,313
459,-278,181
-46,-528,-574
-727,-394,-1121
-876,-975,-1851
-388,-688,-1076
823,-21,802
211,-480,-269
-299,-108,-407
776,813,1589
-245,472,227
-253,-564,-817
-830,371,-459
-444,522,78
-655,-992,-1647
-811,-696,-1507
575,-595,-20
-640,-221,-861
64,-401,-337
503,-229,274
-425,375,-50
-295,-203,-498
-313,325,12
160,931,1091
676,714,1390
-985,-118,-1103
871,-77,794
-312,-245,-557
-520,-185,-705
348,812,1160
653,-370,283
72,-820,-748
170,816,986
-987,-357,-1344
-539,598,59
-397,12,-385
-968,-247,-1215
971,-905,66
504,-836,-332
638,-748,-110
-769,-683,-1452
-593,-100,-693
-823,-787,-1610
-806,-661,-1467
462,27,489
952,656,1608
-735,561,-174
607,-419,188
689,775,1464
-794,-48,-842
-996,643,-353
329,69,398
-472,144,-328
-140,-117,-257
-417,-172,-589
842,-737,105
-147,-871,-1018
827,113,940
-313,-210,-523
-510,532,22
-279,113,-166
-22,-276,-298
580,586,1166
453,-720,-267
-843,-865,-1708
895,-793,102
-937,480,-457
417,808,1225
-804,68,-736
279,-589,-310
817,-365,452
735,-823,-88
296,260,556
-404,-983,-1387
-495,931,436
-302,-782,-1084
-200,-208,-408
774,-836,-62
334,85,419
-837,-475,-1312
-889,-740,-1629
-849,947,98
299,701,1000
-912,374,-538
-918,-630,-1548
583,720,1303
362,520,882
-724,419,-305
-492,-444,-936
932,878,1810
221,954,1175
842,-741,101
149,174,323
-630,-460,-1090
100,-691,-591
358,175,533
-402,140,-262
49,-860,-811
-663,544,-119
-244,461,217
-193,-39,-232
-685,575,-110
